34.877
120.388
122.568
122.020
121.603
121.715
121.033
120.935
120.654
120.542
6.262
42.760
43.689
43.258
42.809
42.407
26.663
26.680
26.640
26.606
8.887
6.857
36.047
35.749
35.713
35.350
35.688
24.076
24.012
24.096
24.067
8.578
8.845
39.112
39.103
38.962
40.146
40.062
39.487
15.219
16.226
6.130
7.791
7.266
6.892
24.178
24.682
24.667
24.600
18.112
18.218
18.214
5.911
7.680
10.827
8.282
30.473
30.430
30.498
30.498
30.002
10.591
7.766
6.402
9.327
18.976
42.492
42.479
42.424
42.412
42.403
42.435
42.731
9.838
9.141
7.277
6.152
6.909
37.877
37.857
37.730
37.731
37.803
37.900
8.086
6.518
15.276
15.281
13.107
12.450
20.760
21.273
21.608
9.147
13.910
13.977
9.584
10.547
19.908
17.742
13.248
13.363
9.650
27.706
27.757
27.748
26.758
26.717
26.659
9.089
17.119
16.824
11.908
11.754
8.415
7.035
7.502
6.227
6.597
8.547
12.711
13.502
16.020
15.901
19.789
19.779
19.533
18.041
20.852
11.343
40.503
36.073
11.969
12.593
16.417
16.363
16.316
5.364
10.439
10.445
11.483
11.488
5.124
5.510
5.357
11.320
11.397
5.448
10.921
10.957
16.439
16.443
16.445
5.868
5.517
8.706
14.041
14.912
6.467
6.234
17.851
17.995
18.077
6.617
5.994
11.636
14.976
11.548
10.108
10.757
5.630
10.737
10.559
9.496
5.982
20.877
20.956
20.858
6.109
6.193
5.221
6.482
5.740
5.714
7.374
9.857
10.438
5.264
5.091
10.236
10.292
5.246
6.002
5.366
5.493
5.935
16.041
16.133
16.107
18.381
18.405
18.179
5.611
10.262
10.338
7.511
7.414
11.340
11.354
5.030
6.178
6.972
11.090
11.059
5.611
18.073
19.296
27.356
27.374
27.360
17.678
17.706
9.012
18.552
18.671
11.078
10.955
10.269
10.226
8.730
12.883
12.905
5.214
5.346
5.427
10.497
10.473
14.848
14.873
14.864
5.454
6.143
5.164
4.767
14.886
14.959
14.851
7.472
20.524
20.584
20.610
20.580
5.140
5.813
5.600
10.786
10.859
5.238
6.244
6.029
10.891
14.083
18.015
18.045
18.016
10.797
10.784
5.171
10.524
10.485
10.767
10.795
14.471
14.527
14.535
16.565
16.603
7.042
9.379
17.751
17.732
35.906
35.939
35.911
35.898
8.816
9.047
9.468
9.617
16.746
16.685
16.669
7.027
5.289
21.702
21.766
21.769
6.514
6.998
17.996
17.948
17.811
10.595
10.574
5.274
28.673
28.680
28.673
28.715
28.723
4.928
5.469
4.836
6.912
5.443
16.966
16.897
16.749
13.116
13.098
16.093
16.145
16.128
5.837
5.051
21.140
21.025
20.912
9.778
9.797
16.031
16.051
16.010
12.122
12.102
18.860
18.734
12.530
18.673
18.724
25.257
25.332
25.309
17.907
17.789
15.330
15.365
15.379
10.816
10.848
10.551
10.583
4.999
6.012
6.234
5.437
14.914
15.044
14.820
10.364
10.304
6.456
5.668
10.042
10.101
16.981
16.935
16.983
14.875
14.921
14.886
5.705
5.281
6.984
5.428
5.891
25.944
26.014
25.965
25.977
25.954
7.309
5.303
5.411
5.569
7.320
15.256
15.410
30.883
30.818
28.575
29.515
27.988
35.898
5.883
6.116
5.387
6.621
6.935
6.590
26.572
26.692
26.682
26.732
26.688
5.277
5.025
4.856
5.324
6.436
24.817
27.670
27.872
27.870
27.887
6.504
5.312
5.324
5.533
4.953
5.268
8.115
12.035
12.021
13.237
13.526
13.818
14.049
6.992
7.713
5.426
5.370
11.738
11.768
5.505
5.300
13.662
13.689
5.839
5.312
5.638
5.295
5.219
5.064
5.429
15.727
15.865
15.929
5.831
5.031
5.555
6.757
10.417
10.485
26.110
26.086
26.079
26.082
26.060
5.412
10.488
10.498
6.387
16.390
16.097
16.043
6.004
5.903
11.609
11.668
5.955
5.294
10.446
10.463
5.966
5.676
5.307
5.731
8.524
12.393
12.434
5.084
5.707
10.940
10.978
6.669
5.636
5.574
5.001
5.029
6.830
12.871
12.778
5.373
4.957
5.134
5.491
5.730
10.452
10.458
5.412
5.602
5.873
5.455
6.507
5.235
5.505
5.622
5.084
11.524
11.531
7.815
8.063
8.430
8.650
5.034
5.009
4.960
4.894
5.361
10.087
10.130
18.926
19.219
15.583
22.734
22.705
10.623
9.434
9.103
9.601
5.111
5.567
5.501
6.428
20.806
20.915
20.992
21.084
6.284
12.525
11.849
15.972
15.918
15.884
6.616
7.108
9.888
9.940
5.533
5.273
6.591
6.856
10.012
10.022
5.299
11.428
5.838
5.849
5.441
5.081
5.391
4.684
6.142
7.190
5.514
5.496
5.794
7.298
23.354
23.463
23.479
23.434
5.675
5.565
12.869
12.868
8.488
5.776
6.206
16.613
16.725
16.736
5.003
5.673
10.233
10.289
5.617
5.636
5.418
11.270
11.341
10.610
10.698
7.046
5.611
5.182
5.647
17.723
17.750
17.658
5.923
16.024
16.129
16.127
5.336
11.011
10.916
5.522
10.109
10.184
8.983
5.065
5.241
7.622
5.795
10.254
10.344
12.552
12.678
17.725
17.760
17.741
5.042
6.844
5.032
5.528
5.974
10.892
10.880
6.741
5.217
5.132
5.221
10.210
10.240
6.725
5.029
5.758
5.412
5.722
4.851
6.345
5.206
5.219
5.087
5.383
5.300
6.597
5.103
9.921
9.989
5.271
5.263
10.682
13.855
10.908
9.326
8.811
8.847
9.054
9.098
17.954
18.032
5.295
7.522
15.290
15.389
15.388
10.435
10.483
6.433
5.199
5.335
5.150
5.445
5.900
11.100
11.222
6.033
5.800
6.384
6.349
8.344
5.293
5.461
5.994
7.742
6.931
11.911
11.779
6.822
9.415
9.837
10.273
11.075
11.059
54.428
54.363
54.366
45.965
45.869
45.704
7.132
12.765
12.851
5.926
6.050
5.792
6.193
5.963
8.664
18.349
18.228
8.578
5.133
4.969
9.988
11.041
5.685
5.644
15.873
15.967
15.941
5.603
12.368
12.424
9.270
5.862
5.381
11.810
11.884
15.012
15.025
15.025
9.772
9.791
13.209
13.018
5.394
10.979
11.025
13.240
13.216
10.669
10.604
5.053
5.422
4.985
5.381
10.682
10.564
4.938
5.288
11.731
11.621
5.416
5.565
5.045
5.320
5.347
5.345
10.051
9.939
5.090
5.149
17.025
17.163
17.171
5.456
5.237
5.260
16.974
17.024
16.983
6.204
15.181
15.224
15.250
7.098
5.381
5.244
5.760
9.821
9.847
6.419
11.402
9.222
10.116
9.612
10.541
24.817
24.836
24.771
24.764
24.752
16.882
16.969
16.980
15.419
15.217
15.201
5.573
5.644
6.667
9.979
9.834
5.175
5.344
12.283
12.235
10.618
10.713
5.361
8.954
5.372
5.718
5.692
6.640
5.793
7.618
12.888
11.958
5.110
5.281
5.405
5.272
5.324
15.782
15.771
15.758
9.737
9.699
4.679
6.822
5.106
5.275
5.406
9.151
22.708
22.789
27.621
27.590
27.608
28.286
28.308
28.256
8.877
9.296
15.867
15.760
4.956
5.306
4.872
5.033
9.700
9.730
4.815
5.369
5.620
10.118
10.033
5.003
4.917
12.042
12.071
5.509
5.839
5.350
5.308
7.179
5.462
9.882
9.925
11.003
11.174
11.880
11.884
10.332
10.584
6.006
5.207
6.495
6.672
5.413
4.960
5.759
5.668
11.385
11.337
4.973
10.465
10.513
5.387
5.300
5.266
9.864
9.922
10.539
10.575
7.035
8.715
5.138
5.011
8.323
7.903
10.002
6.126
5.903
10.057
10.057
9.454
9.132
9.007
8.605
9.236
22.101
22.093
11.249
9.923
8.929
8.883
9.136
9.247
8.137
5.292
5.378
10.014
10.058
5.044
5.415
5.211
4.965
9.954
9.978
12.906
13.041
16.628
16.671
16.697
5.325
5.814
12.139
12.194
10.741
10.703
4.988
5.274
6.746
12.659
12.709
5.397
5.582
16.347
16.461
16.463
5.053
16.590
16.586
16.529
6.257
15.844
15.936
15.851
5.388
23.152
23.121
23.068
5.355
10.957
11.107
11.201
9.715
9.355
26.503
26.386
26.394
10.616
17.053
17.072
7.668
5.869
11.665
11.618
4.954
16.215
16.165
16.105
8.843
5.301
5.392
6.044
6.117
5.266
5.029
17.722
17.693
17.625
10.496
10.499
5.702
22.806
22.884
22.667
22.658
15.625
17.004
17.252
5.909
5.966
4.790
21.970
21.932
21.957
21.986
10.406
10.375
14.398
14.467
14.458
6.889
21.270
21.348
21.290
21.300
7.128
9.910
15.616
15.638
15.640
6.683
7.415
12.929
11.649
6.815
6.109
6.352
17.347
17.459
17.464
6.368
21.016
21.011
20.986
20.971
27.390
27.360
27.358
27.381
27.324
6.944
14.821
14.843
14.835
5.060
13.246
13.317
5.915
6.492
6.627
4.988
21.845
21.857
21.834
21.824
5.929
6.568
16.993
17.033
17.034
5.318
36.910
36.925
36.913
36.953
36.978
37.006
36.995
5.597
5.798
9.045
20.140
20.345
20.310
20.314
16.964
17.081
17.114
5.626
6.276
5.986
11.980
29.991
28.462
28.485
54.330
54.352
54.341
54.357
54.476
54.507
5.211
14.965
15.138
15.132
7.741
6.230
16.240
16.311
16.308
7.174
7.428
5.560
5.389
5.204
10.635
10.653
7.185
10.042
10.076
5.352
5.046
12.303
12.337
5.339
5.537
6.204
17.773
17.833
17.819
9.902
9.933
15.336
15.416
15.401
7.371
5.228
5.499
10.527
10.633
5.317
20.102
20.083
20.120
20.122
5.583
12.268
12.321
10.870
11.062
5.977
11.985
13.369
10.843
10.839
9.506
9.221
26.889
26.949
26.932
8.638
17.640
17.938
8.504
8.406
10.811
10.766
5.512
15.218
15.330
15.338
7.219
10.330
10.477
5.809
6.078
5.999
5.338
4.991
11.584
6.644
5.338
12.663
12.691
6.195
6.005
5.596
5.368
5.433
6.215
5.699
8.263
10.854
10.844
6.588
10.153
10.125
5.280
4.827
4.983
5.421
6.763
5.386
6.171
6.433
10.415
10.460
6.692
5.178
5.166
5.444
6.871
5.337
7.680
5.469
5.376
5.211
6.037
6.067
7.534
5.398
5.109
4.778
5.706
11.808
11.855
10.317
10.261
10.405
10.411
7.644
12.621
11.153
5.559
11.858
11.773
12.481
12.476
6.263
6.526
5.786
5.833
6.112
6.172
18.010
17.987
17.524
17.620
13.076
12.328
9.533
6.965
5.310
5.243
5.629
12.724
12.887
5.194
5.602
10.826
10.589
8.940
5.164
5.401
5.250
17.400
17.403
17.340
6.331
15.196
15.319
9.095
10.854
8.654
5.465
10.638
10.837
5.842
6.183
14.401
14.149
12.452
12.471
8.132
5.152
8.008
6.585
6.779
6.741
10.791
10.783
7.684
5.299
5.337
6.039
18.078
18.116
18.112
5.416
16.147
16.158
16.379
11.582
11.658
5.611
21.010
21.141
21.544
21.546
7.420
8.128
12.112
11.866
5.335
5.830
7.640
16.295
16.282
16.292
5.527
6.583
12.663
12.669
5.131
5.620
5.802
11.653
7.109
5.556
5.658
5.500
5.334
12.712
12.762
5.660
5.709
5.458
6.183
5.587
5.937
5.500
5.419
7.956
6.196
5.711
7.399
5.813
5.961
5.654
6.045
5.567
7.552
5.825
10.313
10.320
5.625
6.403
9.830
10.200
10.136
10.988
10.951
17.875
18.021
18.004
6.340
6.000
17.569
17.703
17.779
5.600
5.391
11.169
11.301
7.695
5.373
6.286
10.598
10.637
5.461
12.463
12.564
5.730
10.505
10.507
5.276
16.887
16.817
16.739
5.522
10.277
10.342
10.145
6.745
5.190
25.092
25.090
25.084
25.076
7.430
5.108
11.222
11.283
5.201
5.517
11.442
11.288
12.193
12.291
5.506
10.583
10.608
5.281
5.944
5.354
9.268
24.371
22.775
22.782
22.774
10.133
10.181
7.561
5.550
5.520
5.532
5.901
20.628
20.654
20.685
10.397
10.450
5.441
5.426
7.078
5.827
5.665
10.772
10.780
13.004
13.142
13.855
13.882
12.127
12.119
5.368
5.659
6.019
5.623
5.755
5.671
6.130
7.591
5.661
5.612
5.539
15.434
15.557
19.480
19.689
9.369
9.340
10.435
11.525
10.399
5.281
5.555
5.804
5.661
12.961
13.056
5.434
5.365
5.837
6.553
7.433
10.904
10.866
5.575
5.363
5.157
5.501
7.556
5.515
5.806
5.344
5.584
5.308
7.682
5.419
5.143
5.465
5.861
5.956
8.083
6.109
6.292
12.025
12.144
12.980
13.035
5.919
5.433
5.408
5.602
6.273
5.969
5.162
5.327
5.705
5.419
5.887
7.786
5.777
5.365
5.183
5.680
5.443
8.569
5.338
5.406
5.430
5.424
5.541
7.896
5.416
7.281
5.659
6.143
5.834
7.309
5.569
5.616
5.991
5.534
5.167
7.731
11.965
12.021
6.375
5.389
13.052
13.034
5.406
5.628
5.704
5.606
5.511
6.305
5.685
5.457
5.772
5.948
5.989
8.376
9.113
8.904
9.143
25.791
33.141
33.188
42.975
42.960
43.064
43.183
22.647
22.697
9.572
6.519
11.911
11.903
13.551
17.016
10.900
10.944
10.598
10.614
4.992
5.340
5.434
5.335
5.580
5.763
19.623
19.710
19.650
7.428
5.921
5.496
6.061
7.645
5.752
15.629
15.348
18.500
18.473
18.656
18.501
12.018
11.985
6.254
5.241
7.871
5.500
5.357
5.831
5.907
8.881
19.068
17.104
17.120
7.219
5.630
18.521
18.597
18.563
5.323
5.639
6.003
12.716
12.846
5.531
5.763
5.166
23.685
23.651
23.565
23.573
7.164
12.492
12.546
6.192
6.817
21.568
21.596
21.628
21.669
5.335
7.528
5.344
5.527
5.594
6.130
33.285
33.394
33.395
33.387
33.436
33.485
5.868
7.301
5.404
5.612
15.171
15.411
15.378
7.549
9.047
5.963
5.401
11.051
11.089
5.348
10.249
10.324
6.159
5.933
10.823
10.886
7.951
20.530
20.541
20.527
20.494
5.489
9.320
8.036
20.013
20.110
18.433
5.735
5.926
10.016
10.095
5.604
5.681
5.211
6.091
5.363
5.702
6.097
5.825
17.713
17.654
17.637
10.393
10.363
20.247
20.375
20.463
9.203
10.504
10.529
5.664
12.471
12.570
6.439
11.033
11.059
5.585
5.339
5.394
5.625
5.255
5.440
5.551
13.174
13.145
5.471
5.222
5.304
5.846
7.634
5.062
6.428
5.661
6.236
6.480
8.457
5.863
15.343
15.329
15.346
5.292
13.067
13.052
5.631
5.616
5.372
17.657
17.692
17.688
5.404
5.439
5.320
5.743
8.041
5.239
5.599
5.310
5.790
12.754
12.829
5.878
5.208
5.395
19.282
21.160
12.064
12.160
16.714
16.776
16.782
17.884
17.721
17.730
5.436
10.346
10.379
5.635
5.470
10.989
11.150
5.696
10.532
12.534
5.787
10.648
10.698
10.873
10.883
5.406
5.858
5.433
5.277
5.657
5.643
5.795
7.857
6.704
16.355
16.410
16.377
18.299
18.374
18.387
10.926
11.135
5.101
19.086
19.066
19.026
5.181
5.450
5.433
5.682
7.693
5.801
5.718
5.790
28.159
28.483
28.502
28.522
28.553
10.325
10.396
12.697
12.774
10.632
10.707
10.634
10.545
18.888
18.894
18.867
18.765
18.827
18.977
22.922
22.863
22.818
22.851
15.353
15.425
15.422
12.745
12.805
6.710
10.671
10.668
30.722
30.675
30.730
30.773
30.812
18.948
20.898
20.867
10.424
10.158
21.491
21.418
21.419
21.280
9.415
16.094
16.139
16.150
5.150
5.162
8.041
5.125
5.255
5.325
10.216
12.404
14.338
14.613
11.084
10.934
12.457
12.467
12.414
12.446
5.174
7.456
23.453
23.510
23.544
23.572
5.521
6.936
17.152
17.310
17.350
5.519
5.557
14.995
15.154
17.211
25.992
26.638
26.636
26.560
26.599
5.146
8.024
15.034
15.608
15.613
18.860
18.852
18.848
6.422
10.023
10.125
5.848
7.969
10.887
11.122
5.744
5.501
5.099
5.445
12.266
12.399
10.077
10.107
10.707
10.665
7.405
10.449
10.455
5.643
4.902
4.914
9.927
9.984
10.696
10.645
4.882
5.183
7.149
10.852
10.826
9.922
9.945
5.834
5.528
5.740
15.124
15.207
15.201
5.487
8.167
6.095
5.740
5.236
5.256
5.798
17.489
17.631
17.673
5.358
6.047
5.554
13.567
13.678
5.716
5.209
18.684
18.703
18.689
5.248
13.980
13.928
10.533
10.520
5.175
5.671
11.127
11.154
6.978
7.528
8.439
5.458
5.585
6.004
4.868
5.483
13.621
13.578
5.039
5.368
5.353
4.771
7.536
5.570
5.558
5.612
5.535
5.624
9.007
5.686
12.173
12.226
7.402
12.937
13.005
8.675
5.335
10.353
10.376
7.724
25.038
25.147
25.141
25.122
24.797
8.161
15.241
15.295
15.273
5.235
22.123
22.191
22.219
22.193
4.948
5.108
5.695
12.894
13.040
5.657
10.577
10.506
12.301
12.340
5.103
5.143
5.263
10.579
10.554
5.350
10.595
10.505
23.976
23.959
23.910
23.867
4.885
10.371
10.328
10.448
10.401
5.541
5.512
16.635
17.305
19.071
12.375
12.437
5.855
5.602
5.212
5.438
5.201
5.168
5.735
5.425
5.346
10.410
10.395
8.038
10.236
10.240
4.947
26.830
26.896
26.732
26.645
10.728
10.755
22.592
22.622
22.907
22.919
11.373
11.095
11.031
11.031
12.536
12.611
15.310
15.363
15.359
7.405
8.016
4.906
4.965
10.078
9.926
5.079
6.058
11.064
11.048
6.221
5.830
6.863
5.816
5.402
10.551
10.601
5.471
14.308
14.222
5.332
5.639
13.406
13.492
5.539
5.581
5.771
5.313
5.747
5.407
5.155
18.114
18.094
18.049
10.399
10.269
5.288
8.085
5.690
9.945
9.952
6.443
13.311
13.369
15.978
16.038
16.044
5.237
5.226
7.995
5.076
15.368
15.413
15.373
5.993
17.867
17.846
17.787
5.216
5.431
5.310
8.654
5.252
10.078
10.082
20.183
20.106
20.035
5.112
5.248
5.469
5.327
5.297
5.243
4.825
5.205
9.785
9.803
5.736
5.797
5.035
5.283
6.962
6.509
5.331
8.289
14.761
14.722
14.694
5.328
4.855
7.572
5.343
4.709
5.407
5.638
20.063
20.030
20.061
5.705
5.160
5.555
5.390
8.157
5.941
4.974
6.169
11.271
10.902
13.684
13.689
5.684
5.566
5.001
13.238
13.186
5.530
11.445
11.028
18.952
18.949
18.957
5.515
4.974
5.398
5.484
8.838
13.762
11.435
15.368
15.402
15.443
13.723
13.775
5.093
6.382
5.699
10.313
10.395
5.731
6.127
15.646
15.701
15.735
5.008
8.384
5.071
5.493
5.106
4.772
5.313
8.807
6.347
5.953
5.131
5.418
5.232
13.239
13.204
5.140
4.977
5.479
6.128
8.637
19.780
19.732
19.556
10.846
10.859
7.973
11.793
11.705
9.982
10.009
12.849
12.809
6.092
10.455
10.485
5.039
7.926
5.483
5.582
5.498
5.583
10.616
10.713
5.465
5.346
5.648
5.539
5.286
5.424
8.201
5.593
5.221
5.267
4.964
13.037
13.179
5.877
5.435
5.102
5.877
6.035
5.758
6.747
21.446
21.394
21.322
21.315
9.308
11.090
11.155
5.819
5.464
6.003
6.187
13.002
13.017
9.025
5.433
13.633
13.675
6.190
10.529
10.565
5.244
13.745
13.817
5.752
5.155
5.655
14.286
14.348
10.329
10.358
4.960
5.904
13.307
13.365
5.251
5.666
6.290
5.978
6.349
12.029
12.035
5.457
5.751
4.834
5.129
7.908
5.165
5.409
5.436
5.807
6.241
8.641
5.958
10.411
10.466
4.891
5.032
8.049
5.596
5.508
5.038
5.570
5.934
7.858
9.016
5.633
10.728
10.740
13.724
13.709
5.443
9.952
9.798
5.362
8.503
5.787
5.455
10.665
10.643
18.521
18.581
18.593
5.493
5.865
5.517
5.502
4.895
10.674
10.652
5.331
5.278
5.905
17.645
17.712
17.713
5.249
5.058
6.020
5.407
8.828
25.208
25.248
25.419
25.436
25.383
10.129
5.590
11.090
11.097
5.159
5.681
13.933
13.948
20.108
20.169
20.198
20.208
13.246
13.230
5.571
6.066
5.930
4.745
8.931
6.863
11.094
11.083
10.395
10.417
13.564
13.509
11.101
11.143
8.472
53.083
53.264
53.285
53.294
53.353
12.872
39.710
39.906
40.272
13.482
11.221
11.253
7.149
16.961
17.026
17.078
10.766
10.502
5.317
8.432
6.290
10.181
10.198
5.582
13.986
14.028
14.576
14.645
14.634
6.764
33.523
33.555
33.534
33.549
33.555
33.553
17.690
17.728
17.740
4.833
36.032
36.161
36.163
36.173
36.227
36.043
13.093
13.064
13.723
13.735
5.644
27.917
27.967
27.948
27.896
27.930
5.172
15.544
15.549
15.559
5.386
21.273
21.201
21.192
21.170
10.534
10.537
8.770
5.264
5.055
5.224
10.468
10.559
9.252
14.905
14.987
17.356
17.191
10.051
23.674
23.768
20.818
38.681
38.624
56.963
56.981
57.006
56.939
56.930
7.630
5.826
14.264
14.242
5.407
15.435
15.511
15.517
17.946
17.986
18.048
5.133
5.605
5.319
8.292
5.468
4.864
5.073
5.024
14.700
14.718
5.129
5.678
6.617
6.847
6.741
11.297
11.269
6.671
6.578
7.248
5.812
8.223
10.436
10.484
5.154
9.008
14.053
14.073
5.976
6.052
5.103
5.644
5.593
10.454
10.395
5.116
5.341
17.923
17.874
17.865
6.325
5.435
5.440
5.745
5.224
6.564
5.475
5.168
5.049
4.989
5.272
7.879
5.177
5.522
5.234
5.059
27.309
26.925
26.838
26.749
10.273
10.340
6.184
15.389
15.417
6.056
30.172
30.204
30.119
30.119
29.946
5.053
10.770
10.585
14.391
14.413
7.630
10.649
10.571
5.659
13.688
13.699
11.560
11.364
4.898
5.715
18.384
18.455
18.478
6.064
19.682
19.727
19.699
11.678
11.655
5.199
23.277
23.243
23.420
23.391
14.781
14.855
14.866
18.215
18.250
18.264
12.695
14.208
6.384
19.434
19.508
19.490
7.065
14.758
14.784
14.774
11.150
5.965
5.674
48.910
48.846
48.830
48.817
48.809
19.166
19.215
9.555
9.135
13.049
18.209
18.253
18.974
18.788
31.859
31.833
31.813
5.456
10.894
10.957
14.736
14.505
12.116
12.130
5.435
14.581
14.508
19.718
16.679
16.663
10.639
10.599
18.765
18.864
19.177
10.540
10.522
19.025
18.929
18.987
5.783
5.272
5.543
5.966
5.311
10.571
10.613
5.740
5.472
5.830
5.598
8.158
5.449
5.607
5.169
5.990
5.739
8.485
5.283
6.519
5.506
10.404
10.405
8.596
6.351
5.612
11.784
11.765
6.298
6.075
5.486
5.853
10.755
10.584
13.507
13.591
5.987
11.201
11.245
5.033
8.255
5.490
10.195
10.193
5.468
11.623
11.582
6.321
6.033
5.496
5.082
6.029
14.240
14.284
5.187
5.489
5.423
5.833
13.166
13.298
5.530
5.802
12.011
11.966
11.007
11.448
11.363
5.815
5.331
5.223
5.248
8.399
5.348
4.933
5.464
5.583
5.443
9.050
5.272
5.044
5.168
6.127
5.468
10.586
10.411
5.358
5.592
10.491
10.578
11.427
11.641
5.545
5.098
10.296
10.284
8.189
5.623
11.129
11.161
10.862
10.867
8.744
5.450
15.416
15.495
15.490
7.168
8.641
19.736
19.804
19.809
19.837
5.500
8.775
10.217
10.249
5.969
6.224
24.423
24.532
24.507
24.454
5.499
4.967
8.355
5.479
5.576
5.527
5.020
18.937
19.009
19.000
5.018
5.539
5.330
5.174
8.412
10.991
11.027
16.348
16.434
16.501
24.547
24.553
24.511
24.514
5.725
5.557
14.656
14.741
11.461
11.540
24.898
25.172
25.117
25.006
5.507
5.639
19.482
19.463
19.460
5.241
20.638
20.610
20.619
20.596
8.880
5.135
6.420
5.889
5.853
6.192
9.553
17.572
17.655
17.689
6.154
5.256
13.757
13.804
5.590
5.378
5.354
4.886
8.729
5.403
4.790
5.062
5.842
5.135
8.488
5.587
5.656
5.092
5.493
4.827
8.564
5.459
5.643
10.668
10.633
5.645
6.169
15.194
15.245
15.271
5.679
5.188
8.215
5.679
10.737
10.735
23.862
23.927
23.948
23.917
5.216
5.118
5.159
5.707
10.359
5.189
11.169
11.147
20.419
20.516
20.514
15.891
15.991
10.176
5.373
5.293
12.306
12.371
5.243
9.881
9.892
5.173
10.741
10.819
5.571
5.253
5.809
5.679
8.349
5.713
5.666
5.854
10.361
10.223
9.011
5.486
5.962
4.939
5.161
5.021
13.934
13.970
5.891
5.528
5.495
5.789
8.991
15.297
15.381
15.430
11.179
11.201
14.127
14.154
4.859
5.524
5.708
5.219
13.795
13.905
5.307
5.569
10.778
10.803
8.679
5.323
5.527
5.539
19.418
19.382
19.375
5.630
10.450
10.454
5.823
13.612
13.706
6.360
5.403
9.901
9.992
9.007
5.861
5.421
11.539
11.554
19.543
19.526
19.509
5.191
15.410
15.454
15.635
14.895
14.928
20.127
20.190
20.188
20.201
10.258
10.642
10.636
4.844
5.763
4.976
16.225
16.276
16.187
10.291
10.296
6.233
13.922
13.969
11.240
11.283
11.721
11.792
18.674
18.650
18.596
5.147
5.575
5.690
8.723
5.370
10.675
10.869
24.229
24.265
24.275
24.148
6.329
5.262
6.194
5.459
9.441
6.068
5.768
5.825
8.561
19.216
19.272
19.270
5.867
5.694
5.763
14.970
14.920
10.851
10.911
5.420
10.904
10.864
5.262
5.928
5.566
11.701
11.737
5.983
5.808
6.313
6.638
6.566
5.536
5.165
20.675
20.697
20.619
10.265
10.297
8.279
15.073
15.034
5.604
5.583
19.186
19.153
19.161
5.863
5.389
5.377
5.818
13.852
13.976
5.169
22.498
22.054
22.025
21.897
14.321
14.392
7.312
5.462
5.286
5.136
14.597
14.572
26.914
26.987
30.067
30.077
30.085
6.349
10.864
11.064
5.400
5.251
11.893
45.057
41.960
41.912
42.163
42.153
42.107
42.175
10.538
5.824
5.634
5.804
6.105
25.714
25.746
25.749
25.653
5.335
7.079
15.253
15.248
22.947
22.893
22.771
10.248
10.289
10.192
5.951
5.982
5.810
18.342
18.395
18.388
11.083
14.813
5.802
5.277
8.103
5.379
5.259
7.128
11.552
11.508
14.536
14.579
5.161
4.998
5.467
5.321
10.639
16.654
12.473
10.597
11.071
18.505
18.584
18.579
5.163
5.454
8.605
16.675
16.697
16.838
16.909
10.524
10.532
10.227
10.233
8.693
5.413
5.646
5.061
5.447
5.170
9.297
5.081
5.599
5.597
5.431
5.423
8.899
5.434
5.407
5.074
5.661
14.249
14.264
4.999
5.648
5.560
5.846
5.823
6.763
12.292
12.255
15.970
15.948
15.939
8.833
5.671
5.722
5.314
5.079
14.715
14.739
5.407
16.932
16.912
16.982
5.660
5.723
5.753
5.430
16.112
16.131
16.077
14.926
14.950
10.392
10.471
5.910
13.895
13.880
5.550
20.732
20.840
20.830
20.813
14.053
13.817
6.310
10.622
10.592
14.589
14.532
15.844
15.856
15.852
19.183
19.245
19.262
5.730
5.481
15.835
15.810
16.177
9.185
5.700
5.910
5.412
5.131
4.847
24.568
24.607
24.613
24.486
12.335
12.189
13.190
13.123
13.135
5.828
11.693
11.826
6.066
5.922
6.289
5.875
6.020
5.607
9.965
8.496
16.207
19.774
19.843
10.050
77.932
77.990
72.881
11.870
13.375
52.522
52.561
52.550
52.522
52.349
9.703
21.503
21.585
8.541
28.327
28.366
28.324
28.080
28.057
6.231
17.323
17.383
17.427
22.722
22.699
22.730
10.841
10.762
5.689
5.281
9.497
5.838
10.648
10.914
5.244
20.258
20.352
20.336
6.633
5.481
5.310
5.255
14.561
14.539
15.389
15.455
15.449
5.681
9.522
5.193
5.791
5.529
5.112
5.414
14.187
14.349
10.422
10.394
5.446
5.309
9.621
5.423
7.212
10.766
10.183
5.253
5.424
5.123
5.877
7.561
6.445
6.519
14.354
14.378
5.302
5.272
5.615
6.082
10.051
6.898
6.237
10.591
10.588
19.410
19.423
19.374
5.414
11.427
5.458
5.587
9.060
10.514
10.541
5.825
5.696
11.288
18.428
14.939
5.604
5.435
5.394
5.176
9.570
10.566
10.569
5.753
5.452
13.964
14.082
5.791
7.281
5.160
8.558
5.571
5.445
5.273
5.424
5.153
5.060
5.392
9.057
5.225
5.389
5.897
11.796
11.679
9.873
11.540
11.575
5.747
5.841
13.953
13.997
5.568
10.706
10.695
10.138
10.172
5.773
10.203
10.185
9.816
9.825
5.771
32.320
32.280
32.256
32.281
32.256
32.249
8.090
11.923
11.948
5.585
5.348
19.461
19.531
19.526
10.469
10.268
5.099
5.415
5.357
5.370
5.265
5.488
9.982
10.071
5.581
8.980
19.255
19.107
19.075
9.974
9.979
9.473
5.439
5.662
5.243
5.624
14.015
14.126
5.622
5.436
5.970
30.540
30.511
30.490
30.439
30.415
5.724
6.200
5.579
8.939
5.492
26.124
26.062
26.039
34.222
34.178
34.083
33.970
33.876
4.939
5.455
20.044
20.095
20.094
5.425
6.047
19.819
19.923
19.921
5.199
5.258
5.290
5.235
9.683
6.062
10.894
10.928
10.353
10.306
8.652
5.640
5.261
5.165
5.131
5.656
24.981
25.002
24.991
24.979
24.969
4.855
8.999
6.188
28.538
28.842
28.854
28.855
28.965
9.313
5.528
12.221
12.267
11.129
11.149
19.796
19.873
19.873
13.956
14.005
5.422
9.176
5.144
5.417
10.913
10.845
16.105
16.148
11.975
10.244
5.535
5.670
14.286
14.384
10.516
10.595
5.590
5.658
14.824
14.494
10.573
10.559
5.040
11.544
11.567
5.816
5.248
6.284
10.895
10.906
7.503
15.921
15.986
15.977
10.809
10.805
5.667
11.147
6.286
10.419
10.471
5.104
5.471
9.545
5.284
5.130
5.363
5.103
5.691
14.469
14.373
5.907
5.808
10.550
10.618
9.457
5.499
5.183
5.465
5.213
5.879
10.065
6.434
6.451
11.371
13.397
13.338
10.611
6.576
6.619
5.828
5.961
6.651
9.836
6.014
6.426
5.767
5.883
7.029
11.084
6.181
5.900
5.573
5.591
5.301
10.168
5.576
5.823
5.812
5.501
5.878
9.679
5.628
5.265
6.387
5.650
5.662
9.026
5.506
5.185
5.585
5.750
5.255
9.188
5.753
6.599
5.703
5.791
6.611
9.913
6.348
5.886
6.417
11.530
11.561
10.039
5.539
10.879
10.972
5.431
6.302
9.790
5.517
16.382
16.385
16.310
5.488
10.294
11.094
11.177
5.710
10.518
10.573
7.872
22.400
22.422
22.399
21.973
15.953
15.934
10.511
10.442
5.221
5.579
24.497
24.425
24.297
19.608
19.573
19.518
19.930
19.947
19.991
5.058
25.169
25.115
25.076
25.054
5.619
10.686
10.732
19.567
19.583
19.569
5.637
5.493
11.182
11.135
6.360
6.037
5.158
5.897
5.209
5.033
5.420
27.838
27.876
27.861
27.838
27.886
10.491
10.730
6.026
5.576
5.476
5.581
6.121
15.727
15.765
6.719
5.999
10.581
10.665
5.098
6.025
5.885
5.638
6.030
11.133
11.179
30.089
30.246
30.252
30.277
5.390
5.077
8.828
5.901
10.143
10.222
5.779
15.503
15.542
16.401
16.419
16.408
5.483
5.453
14.967
14.993
5.498
10.971
11.022
15.471
15.356
5.819
5.813
5.416
9.035
14.768
14.804
12.711
12.707
5.729
6.127
6.118
6.213
5.344
5.616
5.386
5.107
25.850
25.904
25.923
25.941
5.242
10.326
10.262
9.424
10.678
10.670
5.794
6.364
25.346
25.446
25.491
25.448
10.033
10.029
9.595
5.364
10.385
10.390
5.618
5.338
15.239
15.288
11.733
11.774
6.080
6.059
10.114
6.318
10.487
10.518
10.570
10.588
9.659
10.385
10.440
8.741
5.810
15.417
15.560
6.242
10.978
11.032
6.732
19.578
19.609
19.601
9.828
5.741
5.505
10.040
6.695
6.272
6.047
20.995
21.039
21.027
5.633
5.697
6.974
11.184
11.185
19.670
19.719
10.234
19.327
19.110
5.886
5.690
5.344
5.311
5.766
10.636
10.600
9.742
10.791
10.720
10.518
10.289
5.081
5.716
5.250
10.421
10.363
6.402
15.194
15.116
16.316
16.351
16.378
10.478
10.571
9.623
11.016
11.105
16.671
16.393
16.415
12.256
6.892
10.979
11.043
5.766
5.309
10.529
17.211
17.222
15.865
15.811
15.785
11.046
5.281
5.380
4.939
5.047
14.895
14.914
5.653
6.068
11.791
11.845
5.368
5.881
10.997
11.079
10.564
10.540
9.365
11.100
15.762
15.868
15.890
10.903
17.017
16.896
11.680
11.636
5.366
5.536
21.539
21.536
21.477
5.784
5.895
5.310
5.597
15.045
18.693
5.243
18.395
18.376
18.100
9.819
5.913
5.741
5.051
5.089
5.191
9.217
10.886
10.821
15.669
15.763
15.767
9.839
5.866
5.219
5.722
5.301
5.878
9.314
5.853
5.622
5.115
5.848
5.913
9.720
5.392
5.441
5.631
5.285
5.740
9.737
5.627
15.813
15.825
15.739
5.165
10.402
5.576
6.744
5.138
5.038
5.406
10.851
10.508
10.522
5.605
5.413
15.129
15.128
10.634
10.621
5.646
5.384
5.330
5.828
5.023
5.331
5.458
9.454
26.643
26.641
26.576
6.457
5.796
5.611
21.082
21.300
21.294
5.621
17.577
17.548
17.380
15.141
11.603
11.703
8.232
18.988
19.131
10.862
15.907
36.944
37.460
36.842
30.398
30.426
22.958
22.893
14.377
11.176
5.697
5.991
5.610
6.406
31.438
31.413
31.366
31.276
10.890
10.943
5.882
5.944
5.119
5.767
6.188
11.449
11.430
19.879
19.924
19.929
10.818
10.871
5.706
6.056
16.756
16.760
6.444
5.920
10.834
10.851
6.562
10.570
10.634
5.517
5.760
5.086
5.473
8.919
5.262
10.131
10.192
5.153
6.698
10.180
5.855
5.897
5.898
5.919
5.710
15.675
15.638
10.413
10.399
5.361
5.522
15.862
5.817
5.874
5.168
5.804
6.146
10.137
6.745
5.769
5.925
7.755
7.539
9.566
5.945
5.142
5.648
10.883
10.914
10.015
6.295
5.868
5.206
5.401
15.131
15.259
5.497
5.355
5.662
5.924
15.837
15.854
11.503
11.406
9.402
6.381
5.867
6.921
5.512
5.839
5.093
6.009
5.416
22.385
22.277
22.075
10.949
10.917
5.330
10.038
10.982
10.965
6.382
5.521
20.080
20.076
20.089
5.993
5.621
24.946
24.969
24.955
24.948
5.607
5.546
11.024
10.964
14.640
14.708
10.808
10.735
24.160
24.317
24.319
24.335
5.376
5.406
5.628
5.809
10.396
5.971
6.930
16.774
16.869
16.904
20.425
20.496
20.466
5.643
5.422
5.273
10.107
6.151
28.853
28.849
32.989
32.895
32.863
10.369
11.234
11.113
5.667
15.082
29.535
29.518
29.279
11.139
11.196
5.642
4.899
9.764
6.180
5.952
5.952
6.062
6.666
17.552
17.564
6.363
5.382
11.834
11.611
10.482
9.124
14.851
14.847
19.191
19.229
19.230
5.874
5.519
5.042
5.658
5.707
7.684
13.341
13.276
7.286
16.287
16.346
11.392
5.580
5.605
5.089
5.688
41.679
41.841
41.832
41.828
41.849
42.116
42.109
15.326
15.313
5.585
16.399
16.245
16.263
11.601
20.599
16.678
16.612
5.983
5.222
5.620
15.716
15.721
10.400
10.406
19.642
19.637
19.652
10.121
10.127
5.445
5.412
15.876
15.908
6.570
5.060
6.899
20.646
20.057
20.070
5.838
5.854
5.574
11.060
10.936
6.274
12.010
12.042
7.598
11.422
11.448
5.611
5.109
5.963
5.739
5.814
6.169
10.449
10.868
10.973
5.260
5.698
5.725
6.212
6.423
6.006
6.137
5.731
6.157
16.785
16.842
5.884
5.410
5.847
16.105
16.096
6.552
6.053
5.232
10.964
10.985
6.121
5.462
5.603
5.551
5.470
15.781
15.763
5.905
11.103
10.984
6.056
9.715
5.789
11.088
11.086
10.803
10.786
26.964
26.962
26.962
30.582
11.489
11.577
16.120
16.032
5.898
5.321
5.658
21.120
21.041
20.821
10.677
10.756
5.357
5.176
5.225
5.854
5.786
5.466
11.026
10.786
9.702
10.417
6.330
10.657
10.722
7.794
8.391
15.349
15.331
15.700
15.774
15.772
5.819
21.124
21.229
21.229
5.145
6.130
27.634
27.716
27.706
27.642
5.824
5.267
15.936
15.925
6.017
5.640
11.186
11.129
16.180
16.274
7.706
4.774
5.580
5.037
4.816
5.522
6.412
6.747
10.618
10.951
5.892
5.631
5.170
5.737
5.138
6.496
5.984
10.557
15.699
15.650
5.673
10.918
10.942
5.412
5.174
6.201
6.321
6.626
6.480
15.705
15.820
6.057
6.507
6.670
5.656
10.510
10.535
10.611
9.165
9.398
34.661
34.677
34.676
24.101
24.130
38.718
39.129
39.111
11.714
10.881
10.896
11.513
17.601
17.497
17.440
8.417
16.352
16.421
12.315
12.326
6.266
9.972
5.717
6.345
11.736
6.243
5.781
5.474
5.721
5.464
10.797
25.513
25.686
25.802
13.277
13.198
10.111
5.795
7.528
19.556
19.559
9.473
10.227
7.787
5.909
5.658
5.272
5.785
9.879
5.725
11.354
11.346
21.156
20.923
20.781
8.822
11.364
11.286
5.750
10.150
11.713
11.725
16.158
16.177
16.186
21.985
22.011
21.982
12.303
12.421
5.542
5.602
10.395
5.615
5.748
5.535
5.642
5.185
15.736
15.781
5.789
5.895
5.852
5.802
10.466
5.624
15.589
15.648
15.651
16.891
17.018
5.900
5.624
10.709
10.726
15.316
15.348
5.669
5.455
10.541
10.616
5.450
26.263
26.304
26.288
29.319
29.412
29.451
29.718
31.359
32.177
32.159
9.574
9.668
13.273
12.295
12.252
6.655
5.721
6.328
12.071
12.000
5.698
5.839
5.509
5.387
15.458
15.508
5.936
6.076
6.091
6.470
10.719
10.703
10.660
5.459
5.408
5.725
11.795
11.813
5.604
5.915
5.707
5.234
10.607
17.332
17.272
17.086
11.817
11.804
15.935
15.911
18.602
18.635
18.620
26.048
26.088
26.076
26.095
5.164
5.931
11.449
27.135
27.040
26.901
5.899
26.201
26.138
26.120
26.126
5.205
5.571
20.324
20.414
20.425
10.499
10.686
10.408
17.575
17.492
11.320
5.854
9.951
19.115
19.157
6.202
5.673
5.319
5.866
5.243
10.793
10.863
10.607
13.277
13.018
5.526
5.588
5.689
6.127
5.504
5.620
6.467
7.826
9.423
31.649
11.005
17.598
45.796
47.015
47.064
90.219
89.654
89.557
89.547
89.430
8.705
12.248
6.688
11.084
11.125
6.039
5.400
10.803
16.573
12.133
6.241
5.285
5.784
5.709
11.800
10.863
10.803
5.610
25.794
25.705
25.718
25.728
5.986
6.066
5.511
25.130
25.124
9.349
10.436
10.195
20.602
20.629
20.608
11.422
11.450
5.575
5.595
5.512
10.631
10.625
5.433
6.424
15.907
15.896
10.517
10.515
10.500
5.593
5.615
20.476
20.556
20.536
15.993
15.945
15.940
15.800
15.717
6.582
5.421
5.400
5.842
5.875
5.861
5.180
7.374
15.873
15.838
15.819
11.770
5.747
5.376
5.104
6.235
6.338
10.591
5.870
11.506
11.591
10.332
10.419
15.471
15.558
5.642
5.526
5.265
5.238
10.079
5.489
6.008
5.849
6.029
4.999
10.383
10.551
10.552
4.858
5.916
4.770
5.362
11.164
11.037
5.267
5.597
22.778
22.900
22.941
5.840
5.411
5.482
9.940
10.213
10.194
5.708
5.621
5.848
15.709
15.703
15.701
11.486
11.501
5.223
10.495
5.447
5.885
5.632
6.022
14.740
14.794
14.615
14.713
14.728
5.570
5.460
10.378
5.055
5.699
10.728
10.885
5.859
5.695
10.271
10.376
5.347
5.423
5.237
5.777
15.340
15.434
15.413
5.162
5.473
10.654
5.448
6.139
6.403
25.541
25.641
25.611
25.582
5.519
5.108
10.913
10.921
10.846
5.404
16.522
16.594
16.378
21.975
21.963
21.954
11.923
11.812
5.745
5.897
57.874
57.829
58.013
57.914
57.897
57.798
57.759
57.771
10.250
10.269
10.835
10.872
15.828
15.886
11.886
11.885
26.803
26.772
26.756
26.738
8.660
9.088
27.577
27.669
27.690
27.653
11.083
11.113
6.516
5.577
5.451
5.929
5.577
10.866
10.829
5.791
6.155
11.297
10.594
10.595
5.890
5.111
5.401
5.761
11.925
11.943
5.222
10.429
10.465
5.666
5.594
5.652
5.834
5.554
5.735
15.726
15.686
5.880
10.677
10.757
5.179
5.706
5.572
5.751
5.583
5.980
16.444
16.435
7.505
15.523
15.603
15.630
5.691
10.828
10.865
5.709
14.038
13.919
5.421
6.063
10.550
10.603
10.195
10.262
5.530
5.928
10.594
10.578
5.259
5.371
5.473
5.681
8.314
8.302
5.456
5.733
21.262
21.285
21.267
11.658
11.761
7.156
16.758
16.908
5.803
5.425
10.774
10.724
5.170
5.674
10.668
10.689
5.158
5.417
5.594
5.945
5.712
10.001
10.012
5.133
15.151
15.271
5.602
5.820
6.067
7.257
76.856
76.935
76.949
63.221
63.251
63.184
63.135
18.730
23.154
22.992
16.678
16.788
16.855
11.022
22.314
22.557
22.484
22.434
15.816
16.144
5.697
5.662
5.746
5.594
10.985
12.923
9.152
25.295
25.320
25.251
5.435
16.304
16.238
5.915
5.602
5.709
6.259
11.361
11.979
12.034
5.810
10.865
10.893
6.076
7.311
17.134
17.160
17.136
15.501
15.530
5.576
11.053
11.025
5.290
10.578
11.291
10.991
10.921
10.924
10.858
10.894
10.704
5.980
5.808
5.399
5.955
15.726
15.872
