170.866
167.461
168.638
167.964
167.638
167.262
166.427
166.035
165.789
165.787
166.139
74.048
72.877
72.448
71.758
71.463
71.587
434.767
434.833
434.839
434.776
434.774
434.733
434.708
434.475
434.453
432.788
432.262
432.198
432.118
432.137
432.010
431.037
431.501
430.865
430.773
430.738
430.706
430.656
429.440
429.716
429.705
430.026
429.264
428.778
427.874
427.856
427.840
428.005
428.021
427.777
427.782
427.741
427.714
427.431
427.187
427.165
427.412
427.465
427.431
427.125
425.076
425.004
424.993
424.982
426.408
428.761
428.759
428.706
428.654
428.635
428.622
428.036
428.008
427.980
427.974
427.939
427.646
427.599
427.736
427.705
5.766
11.562
11.555
10.699
12.058
135.852
135.723
135.154
135.127
131.072
131.000
131.000
130.979
130.923
130.819
130.813
130.741
129.456
129.384
129.351
129.029
128.892
128.834
128.816
128.760
128.732
129.290
27.786
27.182
27.163
7.369
40.853
40.802
40.793
41.052
41.074
41.031
40.852
127.757
127.788
127.754
127.756
127.758
127.733
127.659
127.404
127.385
127.348
126.188
125.403
121.889
120.626
120.582
120.562
120.446
120.423
37.340
37.366
37.354
37.357
39.415
39.469
39.527
25.343
25.186
25.172
25.151
25.809
7.360
75.091
218.499
218.310
200.431
200.256
200.106
199.388
199.109
198.957
193.802
193.487
193.318
193.050
192.857
192.647
192.519
192.341
185.666
185.217
185.053
184.917
184.711
268.424
268.464
268.458
268.382
268.397
268.407
268.400
268.467
268.481
268.443
271.101
271.128
271.165
271.198
271.197
271.184
271.194
271.206
271.226
271.258
271.258
271.257
271.267
271.281
271.285
271.264
271.253
267.991
268.008
269.201
269.218
269.230
269.269
269.246
269.250
269.256
269.288
269.244
269.232
269.248
269.253
269.241
269.247
269.250
267.467
267.439
267.413
267.393
267.448
267.425
267.390
115.061
115.176
115.181
115.159
112.228
112.121
112.098
112.084
112.072
112.269
112.264
112.231
112.248
112.234
112.228
112.231
112.217
111.985
111.972
111.949
111.921
111.880
17.937
16.778
50.472
50.424
50.423
50.514
50.528
50.531
50.521
50.527
50.506
72.061
71.435
71.412
71.076
71.062
66.377
66.280
66.255
66.248
66.249
66.053
66.015
200.582
200.617
200.619
200.623
200.620
200.612
200.617
200.797
200.794
200.824
200.847
200.906
200.925
200.886
200.702
200.697
200.697
201.017
201.176
201.185
198.083
198.035
198.006
198.010
198.020
198.127
198.216
198.395
198.363
198.333
198.330
198.325
198.306
198.304
198.308
198.314
84.435
83.770
83.759
83.748
83.748
83.719
83.687
83.680
83.620
83.638
83.641
83.629
83.596
26.495
26.447
130.637
130.646
130.646
130.613
130.442
130.351
130.238
130.199
130.142
130.107
129.317
129.286
129.273
129.276
130.958
130.949
130.910
130.948
130.897
130.875
130.864
130.640
130.452
238.054
238.130
238.124
238.118
238.085
238.087
238.085
238.015
237.796
237.786
237.781
237.769
237.768
237.694
237.627
237.627
237.623
240.835
240.899
240.919
240.935
240.942
240.921
240.924
240.923
240.926
240.936
240.936
240.936
240.942
240.934
240.935
240.833
240.787
240.771
240.729
240.722
240.717
240.719
240.670
242.189
242.197
242.212
242.233
242.247
175.405
175.417
175.410
174.100
175.599
175.588
183.213
173.487
173.434
173.420
173.314
173.320
173.336
173.330
173.347
173.362
173.360
173.352
173.384
173.385
173.378
173.408
173.428
173.430
175.806
176.071
176.093
176.101
176.109
176.130
107.561
107.646
107.606
107.590
107.602
107.611
107.613
107.611
107.393
107.398
107.403
107.393
107.399
107.392
107.393
107.393
107.384
107.386
107.388
107.366
190.641
190.662
190.667
190.679
190.665
191.412
191.415
191.432
191.438
191.440
191.455
191.408
191.407
191.396
191.397
191.358
191.169
191.195
191.180
191.135
191.132
191.122
191.137
191.322
191.291
191.257
191.269
191.277
191.264
191.258
191.260
191.267
191.243
191.220
191.197
191.200
191.200
30.997
31.041
31.048
31.045
31.045
31.071
9.628
10.731
71.226
71.185
71.129
71.090
71.060
71.009
70.924
74.042
74.065
74.072
74.078
74.081
74.104
37.727
37.714
37.700
37.701
335.091
336.007
336.006
336.009
336.005
335.991
335.990
335.997
335.988
335.970
335.969
335.972
335.992
336.013
336.015
335.998
335.950
335.952
335.959
335.958
335.957
335.940
335.928
335.928
335.948
335.956
335.956
335.950
335.943
335.940
335.940
335.938
335.967
335.966
336.043
336.058
336.063
336.129
336.183
336.201
336.189
336.196
336.194
336.190
336.158
336.052
336.046
336.034
336.205
336.217
336.216
336.233
336.205
336.200
336.160
336.171
336.173
336.175
336.171
336.175
336.182
336.876
336.880
336.899
336.911
336.929
137.308
137.359
137.443
137.536
137.643
137.678
137.687
137.722
137.729
137.739
137.742
137.706
136.559
136.523
136.543
136.530
136.512
136.512
136.678
136.676
136.491
136.499
136.510
136.713
136.777
71.733
71.783
71.732
71.702
71.585
71.567
71.556
71.548
71.566
71.571
71.540
71.763
71.792
71.811
18.739
18.765
18.786
18.771
11.606
11.506
11.726
11.667
19.894
19.907
22.087
54.737
54.693
54.694
54.675
54.662
54.674
54.679
54.674
54.658
54.718
11.224
30.229
30.247
30.222
30.219
30.203
71.075
71.087
71.115
71.108
71.122
71.090
71.075
70.705
70.690
70.686
70.702
70.697
70.687
26.555
27.158
27.090
27.082
31.209
31.341
31.347
31.338
31.199
31.140
17.924
17.935
8.151
16.311
16.373
16.373
6.473
59.211
61.548
61.476
61.420
61.406
61.403
61.401
61.401
61.399
61.375
61.343
48.700
48.643
48.612
48.605
48.619
48.608
48.628
64.613
61.549
61.539
61.548
61.495
61.480
61.475
61.473
61.515
266.358
266.418
266.413
266.422
266.411
266.377
266.403
266.380
266.404
266.411
266.408
266.230
266.231
266.230
266.211
266.195
266.193
266.154
266.129
266.085
266.080
266.073
266.096
266.109
266.092
266.113
266.061
266.061
266.022
266.000
265.996
265.972
265.968
265.949
265.957
265.952
265.952
267.041
267.069
267.108
267.075
267.101
267.106
267.118
267.131
267.141
267.149
267.149
267.155
267.149
267.139
236.004
236.051
236.047
235.994
236.002
235.992
235.990
235.983
235.976
236.005
236.003
235.975
235.982
235.973
236.046
236.049
236.038
236.037
236.029
236.030
236.027
236.039
236.044
236.045
236.110
236.137
236.147
236.150
236.158
236.145
236.144
236.137
236.179
236.194
236.237
236.259
236.308
236.309
236.311
236.385
236.395
236.457
236.461
236.461
236.483
236.487
278.934
285.356
285.708
285.822
285.901
285.897
285.954
286.047
286.144
286.248
286.363
286.467
286.634
286.738
286.831
286.849
286.954
287.036
291.906
292.267
292.353
292.474
292.523
292.556
292.651
292.769
292.841
292.934
293.067
293.123
293.183
293.232
293.329
293.410
293.538
293.691
293.806
292.929
292.997
293.081
293.176
293.272
293.326
293.418
293.483
293.571
293.682
293.838
293.964
346.213
346.116
346.002
345.923
345.829
345.747
345.646
336.250
336.008
335.895
335.802
335.668
335.554
335.431
335.285
311.476
311.060
310.751
310.612
310.346
310.221
310.104
309.939
309.838
309.715
299.100
298.512
298.378
298.227
298.123
298.006
297.877
297.795
297.652
297.479
297.346
297.229
297.088
296.981
296.873
296.626
296.529
296.419
296.296
296.186
296.059
252.097
252.130
252.142
252.132
252.130
252.113
252.084
252.070
252.062
252.047
252.037
252.041
252.040
252.035
252.027
252.036
252.053
252.259
252.250
252.273
252.351
252.336
252.346
252.361
252.366
252.399
252.436
255.606
255.641
255.685
255.714
255.741
255.767
255.777
255.802
255.817
255.829
255.875
255.913
255.921
255.936
255.945
255.718
255.720
255.724
255.728
255.711
255.721
255.722
185.518
185.577
185.588
185.579
185.607
185.613
185.604
185.606
185.606
185.573
185.570
185.582
185.596
185.605
185.604
185.596
185.599
185.660
185.670
185.680
185.705
185.706
185.726
185.729
185.734
185.734
185.755
185.762
185.765
185.733
185.733
37.016
35.813
35.801
34.397
34.385
34.403
123.833
123.881
123.880
123.876
123.890
123.882
123.877
123.660
123.668
123.658
123.655
123.647
123.643
123.663
123.649
123.678
123.476
123.315
123.595
123.750
123.757
123.771
123.787
122.288
122.271
122.192
122.177
122.171
122.182
122.171
122.170
122.161
122.165
122.192
122.203
122.184
122.181
122.190
122.183
122.204
122.174
122.171
122.149
122.147
41.028
41.005
40.998
41.019
41.040
137.005
136.971
136.926
136.921
136.916
136.907
136.908
136.903
136.911
136.912
136.919
136.921
137.134
137.136
137.173
137.199
137.216
137.201
137.207
137.212
137.194
137.186
137.183
137.186
137.145
359.293
359.350
359.350
359.361
359.343
359.319
359.306
359.307
359.283
359.233
359.220
359.143
359.103
359.041
359.029
359.038
358.839
358.848
358.842
358.835
358.820
358.820
358.821
358.794
358.782
358.779
358.767
358.763
358.726
358.611
358.509
358.322
358.262
358.247
358.263
358.260
358.196
358.169
358.107
358.072
358.036
358.026
358.001
357.944
357.902
357.894
357.892
357.893
357.893
357.885
357.871
357.873
357.869
357.872
357.871
357.873
357.868
357.845
355.601
355.585
355.584
355.550
355.556
355.550
355.520
355.503
355.474
355.443
355.454
142.631
142.656
142.768
142.785
142.787
142.832
142.832
142.837
142.844
142.853
142.869
142.867
142.875
142.861
142.868
142.840
142.826
142.839
142.851
142.862
142.883
142.887
142.890
142.897
142.896
141.073
141.083
17.048
17.087
17.075
5.643
10.673
10.654
22.934
22.892
22.879
93.638
93.577
93.380
93.393
93.384
93.388
93.398
93.416
93.454
93.485
93.497
93.512
93.539
93.570
93.586
93.623
83.194
83.154
83.137
83.095
83.063
83.060
83.066
83.066
83.074
83.076
83.018
83.026
83.001
128.465
128.448
128.452
128.492
128.490
132.014
132.046
132.053
132.093
132.106
132.112
132.125
132.129
132.134
132.133
132.135
132.139
132.135
132.159
132.163
132.169
132.182
44.251
44.226
44.277
44.331
44.347
190.904
191.111
191.226
191.276
191.360
191.338
191.158
191.211
191.231
191.255
191.330
191.376
191.353
191.871
191.952
191.988
191.971
191.982
191.970
191.972
191.988
191.983
191.969
191.943
191.939
191.897
191.794
191.783
191.756
191.747
191.783
191.772
191.735
191.724
323.950
324.030
324.022
323.819
323.818
323.808
323.788
323.781
323.769
323.774
323.737
323.733
323.679
323.688
323.687
323.674
323.673
323.678
323.684
323.654
323.633
323.634
323.637
323.627
323.621
323.595
323.566
323.540
323.503
323.483
323.482
323.456
323.418
323.402
323.386
323.404
323.410
323.402
323.393
323.390
323.384
323.591
323.588
323.583
323.584
323.575
323.570
323.549
323.317
323.329
323.333
323.319
323.313
323.310
323.305
323.310
323.287
323.297
323.294
323.290
323.289
88.288
88.361
88.545
88.549
88.572
88.663
88.680
88.640
88.629
88.634
88.645
88.644
88.647
88.648
88.656
88.656
88.647
73.148
70.056
69.724
69.577
69.450
64.628
64.509
64.502
64.533
64.518
64.556
64.590
64.596
64.593
64.587
64.605
24.411
24.420
24.412
24.371
11.511
11.459
51.685
51.778
51.788
51.786
51.781
51.647
15.944
15.942
33.523
33.558
33.574
33.571
33.564
176.059
176.079
176.062
175.977
175.966
175.967
175.946
175.971
175.972
175.932
175.923
175.920
175.893
175.857
175.846
175.625
175.627
175.605
175.582
175.577
175.628
175.625
175.620
175.652
175.624
175.627
175.622
175.621
175.598
175.594
175.600
175.600
175.593
175.516
27.908
27.917
27.918
27.915
28.092
10.791
10.816
16.087
16.100
16.076
76.326
76.320
76.305
76.310
75.858
75.881
75.885
75.874
75.870
75.905
74.590
74.559
74.522
74.491
38.233
38.278
38.290
38.271
38.270
38.269
6.028
15.061
15.097
15.084
5.671
25.252
25.245
25.203
65.751
65.801
65.814
65.813
65.813
65.533
65.567
65.570
65.591
65.582
65.665
65.712
65.713
85.731
85.941
85.989
86.064
86.123
86.188
86.277
86.329
86.528
87.053
463.851
463.652
463.586
463.479
463.384
463.292
463.198
463.074
462.955
462.835
462.608
462.411
462.247
462.108
461.998
461.876
461.690
461.571
461.460
461.328
461.220
461.098
460.999
460.881
460.613
460.493
460.609
460.491
460.395
460.301
460.066
459.911
459.824
459.710
459.623
459.518
459.359
459.273
459.192
459.106
458.952
458.938
458.808
458.713
458.619
458.533
458.407
458.280
458.127
457.979
457.852
457.724
457.592
457.456
457.337
457.213
457.084
456.995
118.683
120.313
120.333
120.327
120.336
120.146
120.143
120.121
120.133
120.120
120.119
120.111
120.111
120.115
120.105
120.097
120.100
120.091
120.084
120.080
120.079
120.097
120.138
9.972
103.575
103.420
103.265
103.089
102.987
102.841
102.682
102.519
102.297
102.108
101.924
101.753
101.582
101.405
102.379
102.257
336.438
336.512
336.551
336.549
336.487
336.481
336.476
336.497
336.499
336.490
336.484
336.480
336.491
336.531
336.520
336.517
336.527
336.525
336.524
336.495
336.513
336.525
336.514
336.500
336.471
336.514
336.510
336.510
336.499
336.500
336.711
340.299
340.340
340.349
340.364
340.411
340.428
340.428
340.449
340.494
340.511
340.489
340.481
340.492
340.491
340.510
340.524
340.512
340.505
340.514
340.530
340.531
340.495
340.492
340.499
340.497
340.502
340.497
340.495
340.683
340.670
340.663
340.659
340.646
340.645
87.928
88.006
89.832
89.833
89.839
89.836
89.812
89.804
89.811
89.804
89.849
89.921
89.912
89.918
89.918
89.925
12.723
12.660
24.286
24.309
24.281
24.323
67.054
67.024
66.849
66.855
66.845
66.839
66.840
66.830
66.815
66.784
66.785
66.784
125.978
125.918
125.912
125.899
125.881
125.840
125.802
125.798
125.823
125.531
125.513
123.930
123.891
123.827
123.849
123.825
123.810
123.783
123.773
123.756
107.912
107.963
107.953
107.933
107.954
107.946
107.976
107.995
108.015
108.015
107.890
107.906
107.921
107.944
107.961
107.979
107.994
108.013
210.924
211.308
211.294
211.289
211.265
211.274
211.259
211.263
211.241
211.247
211.230
211.223
211.213
211.211
211.211
211.213
211.236
211.251
211.234
211.225
211.214
211.209
211.213
211.190
211.187
211.194
211.474
211.466
211.469
211.466
211.474
211.448
211.429
211.414
211.431
211.436
211.436
211.439
211.431
15.948
15.931
15.920
5.000
34.013
33.377
33.361
33.332
32.619
32.563
29.872
29.844
29.834
29.780
29.765
26.526
26.333
26.342
26.361
90.218
90.077
90.087
90.072
90.081
90.106
90.121
90.140
90.153
90.153
90.162
90.176
90.347
90.364
90.372
90.409
90.410
11.901
27.848
27.913
27.915
27.913
27.890
47.172
47.184
47.185
47.182
47.192
47.184
47.175
47.187
47.186
11.099
10.987
76.885
76.477
76.553
76.659
76.763
76.979
77.114
77.187
76.923
76.802
76.887
77.160
77.250
77.346
25.104
24.987
177.206
177.155
177.158
177.168
177.229
177.262
177.264
177.320
177.309
177.287
177.253
177.266
177.268
177.618
177.627
177.640
177.655
177.623
177.614
177.884
177.894
177.957
177.951
177.960
177.960
177.966
177.984
177.983
177.982
177.985
177.973
177.980
177.980
177.974
43.629
43.617
43.533
43.532
43.494
209.781
209.794
209.785
209.784
209.758
209.767
209.718
209.678
209.685
209.697
209.657
209.650
209.596
209.613
209.584
209.487
209.463
209.433
209.378
209.372
209.354
209.343
209.315
209.303
209.290
209.287
209.278
209.291
209.240
209.293
209.274
209.262
209.263
209.247
209.281
209.265
209.262
209.260
209.257
21.038
21.069
208.601
208.651
210.578
210.585
210.573
210.576
210.583
210.806
210.811
210.836
210.846
210.846
210.851
210.858
210.853
210.857
210.863
210.867
210.852
210.844
210.862
210.932
210.926
210.910
210.951
210.957
210.950
210.952
210.972
210.974
210.974
210.993
211.000
211.004
211.011
211.009
211.014
211.003
211.001
211.003
217.762
217.799
217.804
217.801
217.968
217.997
218.022
218.018
218.015
217.964
217.945
217.942
218.069
218.088
218.102
218.041
218.012
217.998
218.018
217.996
217.998
218.005
218.040
218.064
218.057
218.057
218.055
218.024
218.052
218.052
218.054
218.030
218.024
218.012
218.009
217.991
218.011
218.002
217.982
217.997
218.020
218.020
146.586
146.591
146.558
146.560
146.486
146.490
146.494
146.482
146.478
146.489
146.491
146.523
146.517
146.549
146.587
146.573
146.552
150.196
150.235
150.257
150.253
150.268
150.081
149.968
149.990
150.020
150.053
45.680
45.594
43.855
43.859
43.848
122.165
122.190
122.181
122.141
122.113
122.106
122.095
122.100
122.081
122.075
122.072
122.098
122.105
122.091
122.088
122.073
122.072
122.133
122.139
122.124
122.123
121.975
121.954
19.664
68.495
68.457
68.412
68.400
66.926
66.921
66.919
66.944
66.940
66.939
66.915
66.908
128.499
128.575
128.571
128.515
128.530
128.560
128.579
128.565
128.558
128.605
128.586
128.567
128.547
128.543
128.538
128.537
128.565
128.557
128.571
128.572
128.574
128.464
128.462
36.593
36.604
36.555
36.544
120.721
120.718
120.702
120.685
120.677
120.672
121.096
122.534
122.405
122.293
122.194
122.067
121.942
121.804
121.442
121.420
121.403
121.374
121.363
121.368
53.065
53.171
53.193
53.239
53.233
53.234
53.199
53.161
53.093
53.087
25.392
25.122
25.044
25.023
44.509
44.318
44.340
44.334
44.343
44.080
44.102
44.282
15.509
16.097
26.506
26.542
26.550
26.567
42.843
42.819
42.813
42.808
42.797
42.773
42.770
88.210
88.285
88.289
88.284
88.277
88.267
88.288
88.282
88.265
88.254
88.234
88.123
88.073
87.958
87.849
87.701
74.135
74.213
74.204
74.019
74.010
74.009
74.051
74.062
74.054
74.042
74.068
74.064
74.065
74.060
5.320
44.163
44.122
44.015
43.955
99.645
99.455
99.374
99.232
99.082
98.900
98.773
98.642
98.532
98.385
98.278
98.129
97.985
97.847
97.491
97.359
35.285
35.305
35.095
218.706
218.565
218.572
218.524
218.472
218.463
218.461
218.449
218.421
218.433
218.451
218.443
218.436
218.415
218.408
218.400
218.396
218.389
218.384
218.370
218.394
218.350
218.325
218.320
218.314
218.361
218.359
218.356
218.346
218.352
218.364
218.371
218.369
218.337
218.332
218.336
218.323
218.303
218.291
253.131
253.200
253.188
253.175
253.148
253.138
253.126
253.149
253.061
253.024
252.968
252.820
252.763
252.746
252.736
252.737
252.685
252.621
252.567
252.527
252.466
252.448
252.435
252.431
252.429
252.418
252.441
252.415
252.364
252.339
252.338
252.328
252.336
252.489
252.478
252.479
252.479
252.506
252.513
252.529
252.094
251.872
251.854
251.837
251.793
251.780
251.777
35.971
35.961
35.951
35.924
35.919
207.562
207.601
207.580
207.585
207.549
207.511
207.524
207.513
207.518
207.506
207.442
207.418
207.419
207.399
207.382
207.376
207.319
207.532
207.547
207.534
207.514
207.540
207.520
207.513
207.473
207.485
207.484
207.472
207.459
207.483
207.485
207.485
207.484
207.466
207.412
207.362
207.360
207.343
207.314
6.132
52.188
49.418
49.386
49.342
49.324
49.162
48.998
281.164
281.305
281.364
281.499
281.582
281.641
281.702
281.716
281.718
281.767
281.794
281.798
281.881
281.772
281.757
281.771
283.384
283.473
283.510
283.492
283.561
283.630
283.692
283.641
283.746
283.831
283.889
283.981
284.094
284.176
284.268
284.345
284.414
284.598
284.697
284.773
284.844
284.914
87.100
87.000
86.932
86.849
86.768
301.694
301.481
301.342
301.267
301.302
301.282
301.233
301.854
301.857
301.773
301.793
301.705
301.635
301.475
301.363
301.247
301.126
301.017
300.901
300.794
300.665
300.569
300.462
300.007
299.899
303.349
303.413
303.428
303.382
303.331
303.274
303.218
303.180
303.098
303.046
302.976
302.975
302.977
302.934
302.885
302.822
302.806
302.768
302.679
302.703
302.641
302.627
302.664
302.643
302.603
302.551
302.458
302.395
118.776
118.548
118.548
118.552
118.477
118.312
118.183
118.186
118.167
118.160
118.183
118.181
118.195
118.074
117.995
117.972
117.945
117.931
117.910
117.899
117.856
55.038
55.183
55.153
55.114
55.097
54.959
54.705
54.715
88.005
87.958
87.984
87.976
88.020
86.727
86.704
86.675
86.651
86.174
86.180
86.160
86.171
86.209
86.218
227.483
227.712
227.645
227.556
227.539
227.436
227.403
227.348
227.325
227.313
227.287
227.219
227.209
227.218
227.208
227.188
227.169
227.159
227.152
227.138
227.136
227.130
227.117
226.850
226.842
226.824
226.816
226.814
226.766
226.743
226.739
226.733
226.714
226.702
226.700
226.699
226.633
226.614
226.618
226.610
226.534
226.518
259.169
259.266
259.284
259.264
259.265
259.260
259.250
259.214
259.208
259.202
259.188
259.200
259.207
259.192
259.192
259.184
259.188
259.395
259.381
259.377
259.453
259.458
259.465
259.494
259.555
259.609
259.685
259.771
259.807
259.858
259.897
259.891
259.900
259.912
259.923
259.926
259.910
259.876
259.885
259.893
259.897
259.898
259.883
259.885
259.881
259.876
259.850
230.167
230.203
229.945
229.937
229.926
229.899
229.894
229.904
229.902
229.871
229.809
229.767
229.801
229.778
229.745
229.814
229.843
229.844
229.870
229.874
229.871
229.861
229.862
229.857
229.865
229.859
229.857
229.857
229.862
229.889
229.887
229.886
229.876
229.861
229.870
229.866
229.855
229.839
229.829
229.833
230.256
230.371
15.674
15.684
15.452
6.359
25.987
25.539
25.512
25.488
25.482
43.902
43.959
43.940
43.956
43.977
43.336
43.109
48.355
46.622
46.606
46.040
46.038
46.048
46.014
45.996
16.359
16.484
17.283
17.224
17.205
131.302
131.378
134.007
134.002
133.999
134.003
134.041
134.043
134.057
134.080
134.070
134.073
134.071
134.052
134.051
134.046
134.038
134.037
134.010
134.001
133.998
133.991
134.018
133.999
133.999
6.502
15.859
15.758
15.703
186.334
186.435
186.405
186.160
186.169
186.074
186.074
186.046
186.034
186.013
186.036
186.046
186.006
185.996
185.991
186.000
187.841
187.847
187.850
187.800
187.827
187.856
187.862
187.866
187.873
187.899
187.897
187.888
187.896
187.910
187.930
187.923
187.856
187.837
192.841
192.879
192.881
192.878
192.896
192.892
192.890
192.881
192.874
192.853
192.831
192.792
192.738
192.637
192.584
192.537
192.631
192.609
192.569
192.534
192.480
192.453
192.427
192.390
192.379
192.373
192.373
192.325
192.653
192.659
192.687
192.646
192.457
192.455
192.444
192.437
196.877
196.877
196.882
196.875
196.862
196.857
196.855
196.905
196.899
196.905
196.888
196.887
196.880
196.886
196.893
196.875
196.881
196.877
196.873
196.840
196.696
196.647
196.664
196.668
196.631
196.594
196.830
196.831
196.822
196.803
196.787
196.790
196.745
196.764
196.774
120.014
119.987
119.997
119.987
119.960
119.941
119.931
119.752
119.735
119.718
119.637
119.627
119.601
119.596
119.586
119.580
119.563
119.561
119.561
119.550
119.537
119.518
43.123
43.175
43.168
43.209
43.219
47.340
47.370
47.414
12.433
153.433
153.415
153.350
153.377
153.371
153.332
153.326
153.334
153.369
153.388
152.966
152.956
152.931
152.861
152.843
152.737
152.623
152.562
152.544
152.474
152.435
152.449
152.397
152.367
152.310
152.305
169.362
169.302
169.200
169.092
169.020
168.911
168.805
168.704
168.625
168.536
168.392
168.265
168.160
168.085
167.974
167.856
167.747
167.623
167.508
167.415
167.307
167.196
167.096
166.981
166.868
166.772
166.693
166.617
166.547
166.448
166.346
141.121
141.163
143.919
143.903
143.905
143.898
143.853
143.838
143.842
143.854
143.867
143.834
143.832
143.993
143.994
143.999
143.967
143.926
143.928
143.910
143.913
143.909
143.908
143.909
143.905
143.901
36.400
36.389
36.352
36.327
36.365
36.382
36.332
34.075
34.062
34.056
34.049
34.089
116.987
116.966
116.968
116.953
117.099
117.110
117.144
117.138
117.138
117.140
117.985
117.982
117.999
118.013
118.046
118.034
118.177
118.207
118.201
203.552
203.642
203.601
203.609
203.598
203.602
203.595
203.622
203.615
203.630
203.633
203.627
203.604
203.606
203.610
203.600
203.599
203.414
203.453
203.494
203.502
203.475
203.528
203.525
203.530
203.524
202.283
202.291
202.288
202.274
202.290
202.331
202.347
202.295
202.265
202.236
202.207
202.389
106.224
106.311
106.295
106.291
106.313
106.309
106.285
106.276
106.282
106.276
106.286
106.135
106.128
106.134
106.086
106.060
106.105
106.102
106.102
8.531
28.593
28.560
28.528
28.512
28.489
32.278
32.459
32.446
32.424
32.427
25.581
25.570
25.574
130.934
130.961
131.012
131.036
131.073
131.126
131.124
131.137
131.123
131.142
131.136
131.137
131.672
131.643
131.655
131.661
131.648
131.630
131.676
131.684
131.686
131.680
131.669
131.667
117.455
117.478
117.466
117.460
117.453
117.450
117.444
117.434
117.319
117.271
117.493
117.523
117.525
117.543
117.556
117.536
117.525
117.459
117.431
117.318
50.497
50.438
50.421
50.418
50.385
50.367
50.377
50.409
16.325
16.269
32.457
32.381
32.347
32.367
32.360
45.169
45.128
44.996
44.943
45.062
45.217
45.314
45.288
130.739
130.685
130.676
130.664
130.637
130.643
130.635
130.595
130.565
130.501
130.414
130.403
130.384
130.375
130.381
130.375
130.371
130.359
130.350
130.337
130.326
130.292
130.269
130.245
12.689
190.277
190.384
190.380
190.406
190.591
190.595
190.612
190.638
190.670
190.668
190.669
190.664
190.668
190.678
190.684
190.681
190.668
190.667
190.671
190.659
190.637
190.622
190.618
190.629
190.614
190.591
190.373
190.377
190.374
190.344
190.287
190.280
190.266
190.273
145.117
145.147
145.136
145.215
145.212
145.188
145.197
145.200
148.700
148.723
148.727
148.694
148.693
148.692
148.666
148.700
148.709
148.706
148.708
148.705
148.729
148.736
148.733
148.709
148.705
148.705
212.067
212.082
212.073
212.062
212.064
212.062
212.065
212.054
212.054
212.049
212.052
212.045
212.039
212.027
212.018
212.014
211.989
211.970
211.829
211.813
211.839
211.789
211.955
211.957
211.942
212.002
212.008
212.000
211.935
211.923
211.874
211.859
211.843
211.861
211.868
211.856
211.831
212.814
212.889
212.868
212.856
212.852
212.838
212.831
212.800
212.782
212.780
212.770
212.761
212.740
212.724
212.722
216.298
216.327
216.330
216.313
216.319
216.316
216.319
216.315
216.307
216.333
216.342
216.297
216.320
216.322
216.318
216.325
216.315
216.287
216.279
216.671
216.702
22.959
23.009
22.994
22.962
6.969
35.306
35.348
35.361
35.338
35.324
35.313
162.868
163.010
163.101
163.144
163.124
163.112
163.104
163.093
163.082
162.947
162.866
162.871
162.759
162.745
162.699
162.652
162.636
162.273
162.258
162.230
162.197
162.184
162.177
162.176
161.933
161.931
161.897
161.877
161.871
267.191
267.274
267.261
267.263
267.244
267.216
267.254
267.044
267.062
267.076
267.095
267.100
267.116
267.134
267.119
267.145
267.194
267.211
267.230
267.213
267.219
267.236
267.243
267.276
267.300
267.304
267.401
267.413
267.632
267.650
267.652
267.676
267.710
267.716
267.844
267.857
267.879
267.884
267.914
267.965
267.976
267.992
268.019
268.036
268.042
268.059
268.075
155.981
155.982
155.968
155.924
155.951
155.946
155.934
155.925
155.917
155.928
155.900
155.897
155.904
156.108
156.113
156.107
156.098
156.095
156.059
156.068
156.061
156.070
156.087
156.074
156.069
156.098
156.092
156.108
156.090
5.472
11.489
11.408
10.804
142.502
142.605
142.609
142.575
142.568
142.543
142.535
142.534
142.529
142.518
142.532
142.527
142.543
143.017
143.043
143.030
143.029
143.016
142.992
142.980
142.973
142.969
142.965
142.939
142.930
142.917
18.807
18.834
217.158
217.292
217.296
217.278
217.271
217.273
217.254
217.246
217.241
217.235
217.241
217.231
217.224
217.223
217.211
217.209
217.188
217.065
217.012
217.027
217.026
217.014
217.005
216.995
216.955
216.943
216.939
216.930
216.936
216.696
216.687
216.677
216.659
216.697
216.669
216.661
216.650
216.634
216.586
216.551
287.375
287.405
287.352
287.332
287.379
287.382
287.377
287.356
287.341
287.336
287.338
287.334
287.309
287.305
287.293
287.279
287.268
287.250
287.242
287.233
287.222
287.200
287.184
287.186
287.182
287.192
287.197
287.174
287.169
287.161
287.156
287.159
287.147
287.136
287.119
287.110
287.108
287.114
287.171
287.172
287.167
287.146
287.128
287.129
287.129
287.131
287.133
287.117
287.105
287.096
287.085
287.086
287.065
418.777
418.917
423.503
423.511
423.495
423.502
423.527
423.592
423.640
423.680
423.695
423.693
423.676
423.664
423.681
423.683
423.803
423.780
423.766
423.770
423.766
423.764
423.751
423.739
423.746
423.884
423.947
423.947
423.943
423.919
423.912
423.912
423.893
423.882
423.873
423.864
423.858
423.850
423.839
423.974
155.216
155.300
155.320
155.329
155.373
155.391
155.410
155.430
155.439
155.461
155.481
155.501
155.344
155.380
155.403
155.420
155.425
155.440
155.470
155.503
155.483
155.495
155.671
155.691
155.708
155.726
155.733
155.756
155.764
126.622
126.643
126.618
126.597
126.595
126.584
126.472
126.444
126.440
126.431
126.413
126.384
126.398
126.406
126.402
126.397
126.391
126.386
126.375
126.374
126.371
126.348
383.200
383.239
386.720
386.712
386.755
386.773
386.774
386.776
386.774
386.762
386.758
386.757
386.753
386.747
386.727
386.746
386.744
386.728
386.696
386.667
386.620
388.217
388.245
388.254
388.274
388.280
388.298
388.474
388.470
388.470
388.478
388.486
388.477
388.486
388.497
388.504
388.509
388.484
388.471
388.504
391.746
391.792
391.847
391.846
391.850
391.859
391.859
391.847
391.840
391.842
391.779
391.785
391.790
391.758
391.742
391.738
391.710
391.685
391.682
391.813
391.809
391.778
391.759
391.750
387.423
387.287
387.258
387.233
387.208
387.200
130.988
130.927
130.920
130.937
130.988
131.017
131.030
131.008
131.001
130.993
130.987
130.971
130.986
131.001
130.988
130.920
130.906
130.895
130.888
130.881
130.843
131.045
131.029
12.715
36.750
36.682
36.688
37.060
37.037
36.971
120.255
120.283
120.160
120.059
120.008
120.002
119.974
119.962
119.928
119.941
119.863
119.775
119.755
119.741
119.728
119.721
119.683
119.631
119.606
119.607
119.726
357.557
357.589
357.580
357.588
357.606
357.566
357.583
357.740
357.762
357.754
357.727
357.657
357.609
357.569
357.547
357.552
357.547
357.542
357.481
357.464
357.455
357.417
357.428
357.447
357.318
357.325
357.332
357.299
357.283
357.232
357.216
357.180
357.011
356.918
356.890
356.841
356.812
356.810
356.811
356.802
356.798
356.771
356.770
356.756
356.749
356.710
356.722
356.716
356.699
356.700
356.686
356.678
356.820
356.805
356.801
356.788
356.801
356.831
356.858
356.887
356.885
356.933
356.991
356.995
357.041
357.054
357.047
35.111
35.046
35.026
35.010
34.989
34.991
6.925
21.800
21.868
21.841
5.991
39.591
39.672
39.685
39.701
39.743
39.786
39.370
10.697
10.756
16.372
16.287
16.265
27.676
27.514
27.495
27.487
56.814
53.150
53.260
53.378
53.368
53.368
53.363
53.354
53.476
53.431
53.319
53.273
53.268
53.262
53.255
235.720
235.716
235.714
235.665
235.652
235.634
235.626
235.620
235.615
235.655
235.670
235.666
235.666
235.659
235.647
235.628
235.629
235.627
235.617
235.584
235.545
235.523
235.632
235.627
235.625
235.596
235.584
235.585
235.584
235.565
235.543
235.536
235.532
235.524
235.480
235.517
235.441
235.431
235.395
235.352
235.289
235.286
235.283
166.771
166.770
166.775
166.750
166.746
166.749
166.749
166.730
166.514
166.501
166.472
166.452
166.434
166.431
166.420
166.416
166.406
166.386
166.370
166.412
166.411
166.407
166.380
166.373
166.366
166.358
166.360
166.344
119.247
119.261
119.252
119.236
119.200
119.199
119.185
119.180
119.208
119.214
119.209
119.196
119.186
119.179
119.097
119.082
119.077
119.071
119.065
119.046
119.036
119.024
11.152
11.152
10.533
8.307
51.632
51.536
51.505
51.524
51.522
51.483
51.473
51.474
51.480
5.316
5.267
9.322
5.487
25.598
25.612
29.406
29.420
29.414
15.600
15.573
15.591
5.095
5.224
5.076
9.379
5.358
21.676
21.351
21.335
21.324
30.486
30.492
30.476
30.459
30.440
5.126
9.831
41.241
41.279
41.279
41.282
41.282
41.252
41.233
56.956
56.909
56.890
56.874
56.850
56.832
56.806
56.812
56.803
56.784
9.850
9.874
23.749
22.628
22.582
10.090
83.120
83.213
83.178
83.188
83.108
83.218
83.140
83.045
82.961
82.936
82.919
82.905
82.861
82.803
235.690
235.742
235.766
235.752
235.750
235.746
235.744
235.733
235.724
235.728
235.721
235.715
235.710
235.693
235.690
235.682
235.650
235.637
235.683
235.681
235.673
235.663
235.638
235.627
235.639
235.637
235.628
235.609
235.598
235.586
235.600
235.597
239.031
239.063
239.109
239.128
239.106
239.110
239.116
239.125
239.166
239.216
239.207
87.366
87.432
87.424
87.362
87.331
87.314
87.301
87.285
87.298
87.261
87.241
86.838
86.581
86.574
86.776
86.856
86.724
86.713
86.691
86.694
86.732
86.707
86.697
86.687
86.668
86.653
86.574
86.531
86.528
317.184
317.232
317.251
317.256
317.210
317.190
317.188
317.185
317.189
317.169
317.154
317.144
317.131
317.119
317.255
317.244
317.229
317.263
317.268
317.254
317.241
317.231
317.226
317.195
317.177
317.176
317.198
317.190
317.198
317.189
317.206
317.202
317.214
317.233
317.198
317.200
317.195
317.228
317.224
317.206
317.191
317.179
317.103
317.091
317.077
317.067
317.068
317.065
317.065
317.047
317.065
317.042
317.021
317.060
317.048
317.037
317.020
317.044
214.143
214.152
214.144
214.188
214.188
214.181
214.186
214.172
214.175
214.161
214.153
214.135
214.130
214.090
214.081
214.070
214.069
214.059
214.068
214.050
214.029
214.036
214.067
214.065
214.062
214.058
214.051
213.941
213.924
213.938
213.936
213.929
213.915
213.902
213.855
213.844
213.829
213.826
32.091
32.131
367.581
368.198
368.237
368.217
368.216
368.245
368.282
368.245
368.265
368.262
368.258
368.300
368.373
368.458
368.495
368.530
368.568
368.569
368.584
368.687
368.719
368.727
368.717
368.726
368.728
368.963
368.954
368.960
368.984
369.028
369.039
369.044
369.084
369.088
369.084
369.088
369.080
369.083
368.934
368.959
368.968
368.974
368.984
368.975
368.982
368.980
368.983
368.981
368.983
368.984
369.016
369.081
369.094
369.103
369.106
369.087
369.071
369.083
209.994
209.957
209.885
209.780
209.655
209.641
209.633
210.567
210.559
210.584
210.589
210.590
210.580
210.586
210.590
210.522
210.468
210.461
210.458
210.465
210.378
210.360
210.347
210.306
210.280
210.089
210.078
210.089
210.087
210.061
210.048
210.070
210.064
210.211
210.208
210.160
210.148
210.138
210.184
210.187
23.706
19.849
209.374
209.563
209.676
209.772
209.871
209.965
210.055
210.125
210.191
210.238
210.300
210.339
210.387
210.457
210.530
210.607
210.764
210.874
210.994
211.099
211.056
211.170
211.270
211.331
210.868
210.822
210.802
210.804
210.791
210.794
210.789
210.782
211.846
211.862
211.877
211.884
211.904
211.886
211.897
61.300
59.810
59.077
58.983
58.885
58.787
59.995
60.035
60.019
60.027
60.077
272.860
272.687
272.138
272.034
271.943
271.847
271.748
271.650
271.564
271.487
271.384
271.295
271.216
271.108
271.012
270.922
269.094
268.316
268.194
268.129
267.993
267.862
267.360
267.259
84.355
84.358
84.520
84.645
84.647
84.878
84.856
84.867
84.872
84.944
85.022
336.689
336.705
336.690
336.705
336.713
336.708
336.708
336.701
336.705
336.707
336.707
336.742
336.814
336.828
336.833
336.839
336.827
336.810
336.814
336.817
336.801
336.789
336.778
336.776
336.777
336.745
336.655
336.644
336.643
336.394
336.380
336.391
336.401
336.396
336.399
336.416
336.423
336.410
336.401
336.399
336.428
336.445
336.445
336.434
336.433
336.455
336.494
336.494
336.470
336.471
336.448
336.458
336.436
336.385
336.427
336.394
336.363
336.348
336.202
336.197
336.206
336.184
336.145
187.585
187.669
187.673
187.622
187.614
187.653
187.672
187.678
187.684
187.685
187.698
187.701
187.728
187.740
187.742
187.753
187.759
187.762
187.761
187.752
187.763
187.795
187.776
187.755
187.753
187.768
187.776
187.780
187.773
187.780
187.783
187.784
187.791
187.782
187.793
71.016
71.032
71.058
71.032
71.055
71.050
71.058
71.052
71.715
71.717
71.740
71.757
71.755
54.965
54.987
54.982
54.980
54.975
54.980
54.978
54.924
54.911
54.937
25.855
25.849
25.825
25.669
40.448
38.711
38.644
38.625
38.621
38.907
38.869
75.644
75.639
75.635
75.619
75.623
75.641
75.652
75.658
75.656
75.657
75.672
75.673
75.650
97.863
97.800
97.796
97.802
97.837
97.909
98.205
98.210
98.214
98.305
98.407
98.516
98.581
98.589
98.624
98.472
429.774
429.862
429.864
429.882
429.846
429.836
429.835
429.620
429.617
429.613
429.542
429.522
429.519
429.522
429.521
429.529
429.517
429.524
429.508
429.503
429.490
429.482
429.502
429.512
429.514
429.502
429.506
429.510
429.540
429.509
429.499
429.538
429.585
429.588
429.589
429.582
429.587
429.602
429.613
429.618
428.043
427.881
427.806
427.771
427.685
427.627
427.633
427.629
430.295
430.260
430.259
430.281
430.308
430.317
430.328
430.361
430.376
430.379
430.410
430.428
430.439
430.461
430.472
430.470
430.476
432.567
432.595
432.603
432.621
432.644
432.666
432.676
432.681
432.495
432.521
432.733
432.749
432.745
432.729
432.735
432.760
432.767
86.426
88.088
88.100
88.103
88.120
88.090
88.107
88.090
88.076
88.087
88.111
88.120
88.125
88.128
88.136
88.152
6.002
10.639
10.653
10.878
10.860
17.991
17.876
17.851
15.471
15.479
15.471
18.166
18.195
18.200
6.792
53.397
53.384
53.426
53.407
53.472
53.476
52.913
52.633
52.622
34.737
34.617
34.594
34.593
134.415
134.406
134.175
134.334
134.324
134.322
134.375
134.391
134.383
134.381
134.303
134.271
134.271
134.255
134.253
134.245
134.223
134.233
134.227
134.226
134.221
134.220
134.223
316.258
316.259
316.282
316.302
316.300
316.290
316.291
316.289
316.303
316.309
316.127
316.138
316.138
316.146
316.137
316.129
316.123
316.116
316.128
316.114
316.110
316.111
316.095
316.102
316.075
316.075
316.069
316.064
316.045
316.037
316.032
316.026
316.025
316.042
316.039
316.042
316.041
316.035
316.057
316.051
316.045
316.038
316.046
316.040
316.032
316.027
316.026
316.031
316.045
316.044
316.041
316.036
316.047
316.238
59.439
59.458
59.481
59.464
59.470
59.525
59.552
81.826
81.820
81.813
81.803
82.690
82.698
82.700
82.748
82.943
83.047
83.036
83.041
83.044
83.044
65.529
65.538
65.555
65.549
65.548
65.595
65.600
65.604
65.606
65.588
17.016
123.951
123.966
123.982
123.641
123.592
123.366
123.345
123.322
123.303
123.180
123.065
123.018
122.964
122.961
122.960
122.952
122.950
122.947
122.943
122.941
122.946
45.428
43.920
44.116
40.393
281.329
281.317
281.307
281.299
281.307
281.292
281.291
281.292
281.294
281.296
281.284
281.277
281.269
281.301
281.307
281.296
281.293
281.288
281.280
281.241
281.220
281.147
281.134
281.136
281.071
281.061
280.995
280.986
280.910
280.882
280.855
280.769
280.735
280.682
280.682
280.605
280.565
280.490
280.443
280.470
280.399
280.349
280.278
280.244
280.174
280.126
279.764
279.679
279.588
279.533
279.419
69.357
69.352
69.339
69.339
69.343
69.558
69.567
69.562
231.341
231.413
231.404
231.386
231.380
231.372
231.397
231.414
231.409
231.405
231.421
231.389
231.361
231.357
231.352
231.389
231.569
231.588
231.588
231.601
231.613
231.614
231.610
231.610
231.611
231.630
231.633
231.665
231.658
231.653
231.662
231.659
231.628
231.632
231.628
231.634
231.632
231.631
231.622
232.339
232.349
312.175
312.284
312.308
312.336
312.298
312.290
312.271
312.253
312.220
312.229
312.158
312.160
312.162
312.162
312.152
312.148
312.151
312.150
312.152
312.164
312.154
312.154
312.233
312.219
312.216
312.214
312.196
312.187
312.193
312.184
312.182
312.186
312.190
312.234
312.252
312.284
312.377
312.389
312.392
312.374
312.369
312.398
312.407
312.401
312.404
312.476
312.481
312.493
312.499
312.481
312.471
312.464
312.467
312.509
312.515
312.495
312.493
312.508
312.504
224.001
226.060
226.097
226.095
226.097
226.100
226.119
226.115
225.924
225.918
225.940
225.978
225.988
225.991
226.134
226.137
226.095
226.078
226.082
226.086
226.088
226.099
226.091
226.089
226.084
226.098
226.402
226.406
226.407
226.416
226.425
226.425
226.414
226.412
226.411
226.419
226.393
226.379
226.376
226.336
226.338
253.750
253.682
253.712
253.776
253.801
253.791
253.777
253.772
253.790
253.810
253.817
253.840
253.854
253.855
253.859
253.867
253.869
253.877
253.885
253.883
253.797
253.783
253.793
253.796
253.802
253.804
253.799
254.021
254.032
254.037
254.079
254.084
254.066
254.134
254.176
254.188
254.187
254.186
254.191
254.200
254.115
254.103
254.043
254.041
254.038
254.067
254.138
23.547
23.491
23.344
142.417
142.451
144.401
144.402
144.404
144.414
144.414
144.425
144.447
144.450
144.457
144.523
144.533
144.558
144.568
144.566
144.566
144.553
144.580
144.587
144.586
144.566
144.571
144.568
144.538
25.904
25.913
25.901
25.896
25.890
14.889
14.879
56.077
53.927
53.906
53.794
53.785
53.812
53.808
53.794
53.848
120.885
120.895
120.794
120.782
120.777
120.742
120.715
120.712
120.888
120.765
120.767
120.763
120.757
112.617
112.649
112.643
112.626
112.646
112.653
112.662
112.646
112.637
112.631
112.642
112.641
112.633
112.618
112.611
112.610
112.607
112.610
112.599
112.605
13.095
13.114
