87.290
82.275
83.041
82.141
104.177
103.806
103.571
103.280
102.755
102.436
102.177
102.135
100.820
100.726
100.675
100.976
101.498
101.107
101.024
101.136
21.412
21.384
21.347
21.322
5.455
15.209
15.159
34.684
34.587
34.561
34.479
34.439
47.087
43.779
43.704
43.386
43.327
43.040
43.019
18.320
19.008
17.986
18.443
17.228
5.533
7.804
7.204
33.766
33.324
33.438
33.428
33.229
49.907
49.913
49.885
49.861
49.420
49.539
49.320
49.797
48.967
37.934
38.331
38.356
38.175
39.216
41.541
15.754
15.736
15.741
10.255
10.296
43.703
43.499
43.474
43.465
43.481
43.427
43.378
43.393
36.259
36.255
36.249
36.235
36.248
36.163
36.139
15.299
15.359
15.354
11.097
10.978
29.938
27.742
27.746
27.842
27.932
54.125
53.272
53.245
52.612
52.600
51.039
50.998
50.939
50.952
50.889
15.269
15.359
15.344
7.061
6.789
7.788
22.420
22.356
22.270
22.185
51.647
51.737
51.698
51.705
51.702
51.699
51.696
51.679
51.681
51.522
28.036
28.037
26.952
26.006
29.685
7.234
6.284
10.580
10.607
5.199
6.589
6.106
5.288
30.452
30.460
30.167
30.176
30.121
18.218
18.237
26.933
27.014
27.015
27.048
27.058
53.041
53.082
53.154
53.193
53.258
53.279
53.277
5.175
10.480
10.440
44.652
44.687
44.685
44.673
44.661
42.317
42.281
42.253
5.189
13.260
11.410
12.142
11.998
12.289
12.560
5.519
10.369
10.358
39.401
39.549
39.539
39.530
39.445
39.397
39.468
39.457
6.095
5.179
15.120
12.661
19.368
18.180
18.144
5.563
5.295
6.425
5.644
11.924
11.976
34.337
34.405
34.409
34.392
34.469
34.514
34.525
4.935
4.940
9.826
9.914
11.315
11.373
5.101
10.133
10.184
11.483
11.316
17.281
17.311
17.245
5.042
5.245
18.242
18.356
18.602
28.724
31.012
31.057
31.020
30.967
8.364
5.757
6.188
10.133
10.910
5.404
5.604
5.604
5.301
5.090
11.372
11.817
10.356
9.141
19.467
19.342
47.701
47.710
47.668
47.679
47.678
47.714
47.774
47.769
47.809
16.527
16.475
12.124
12.117
20.209
20.204
20.201
6.366
5.329
5.464
11.056
11.137
5.986
5.203
20.718
20.800
20.804
20.814
7.312
26.058
26.156
26.134
26.139
26.177
5.186
5.210
5.191
5.050
10.797
10.832
5.228
4.676
5.939
17.760
17.818
17.829
5.660
22.791
22.782
22.728
22.258
17.169
17.105
17.117
9.882
9.893
4.912
5.748
5.098
10.656
10.660
30.317
30.329
30.324
30.256
30.213
30.211
5.300
15.551
15.809
15.727
14.028
14.097
14.099
5.479
6.506
5.441
10.565
10.608
5.461
4.919
6.713
6.217
15.427
15.542
15.562
13.718
13.730
21.143
21.130
21.073
21.034
12.829
12.746
24.743
24.832
24.841
16.116
16.183
16.015
4.932
57.070
56.911
56.796
51.647
51.520
51.532
8.595
25.021
24.903
24.904
24.846
24.851
7.215
34.738
34.843
34.821
34.802
34.813
34.854
34.859
5.426
31.019
31.055
30.785
30.785
30.823
30.828
17.994
17.886
17.874
12.262
12.199
35.334
35.387
36.743
36.812
36.788
36.878
36.872
9.676
5.131
46.288
45.082
45.888
45.869
53.612
30.746
30.696
24.672
24.704
24.719
24.692
44.224
44.146
44.083
44.084
44.112
44.027
43.996
43.936
5.204
6.720
20.623
23.559
23.570
23.595
10.226
10.296
6.282
5.720
10.191
10.281
23.056
23.002
22.994
23.005
27.680
28.713
28.731
28.720
28.687
5.144
5.882
26.101
26.209
26.215
26.217
26.219
22.183
22.187
22.178
22.203
17.178
17.165
17.106
6.070
16.454
16.489
16.460
18.409
18.463
18.201
6.905
25.924
25.973
25.976
25.721
25.739
20.415
21.622
21.621
21.592
15.012
15.079
15.143
5.269
9.876
9.898
6.458
18.654
18.614
11.245
39.172
39.141
39.116
39.114
73.586
73.609
73.623
73.711
73.468
73.483
73.479
73.459
33.219
34.117
34.037
33.959
14.731
14.800
14.795
5.285
4.928
5.581
6.461
5.233
5.247
10.331
10.365
7.216
26.797
25.970
25.982
25.986
25.981
27.010
27.026
27.062
27.111
27.181
19.228
20.156
20.147
20.162
5.514
6.398
10.950
10.931
5.271
15.999
16.098
16.100
9.992
9.975
5.409
33.313
33.436
33.393
33.382
29.949
4.902
6.346
11.195
11.035
9.439
9.518
5.259
11.280
11.357
28.745
29.648
29.647
29.645
29.667
29.709
42.587
42.546
42.476
42.491
42.489
42.496
42.551
42.497
9.909
12.343
12.398
38.436
38.452
38.381
38.327
38.314
4.955
16.299
16.311
16.319
10.983
10.947
31.230
31.231
31.212
31.141
31.127
31.111
13.170
13.075
38.018
38.044
38.043
37.976
36.692
36.662
36.663
17.838
17.943
17.954
5.298
5.492
5.878
12.082
12.101
25.318
25.344
25.375
25.422
25.412
20.859
20.923
20.901
20.919
15.941
16.867
16.994
26.047
26.095
26.100
26.145
26.256
5.345
10.921
11.008
10.379
10.380
10.596
13.673
11.077
19.829
21.796
21.835
21.833
15.584
15.699
15.721
5.124
5.140
6.752
12.273
12.351
12.169
12.380
5.785
18.019
17.999
18.000
24.587
24.675
24.673
24.710
34.187
34.161
34.175
34.192
34.157
34.036
9.219
13.205
13.212
11.609
11.554
4.745
5.743
6.269
5.288
5.336
10.710
10.742
5.491
40.452
40.383
40.349
40.292
40.432
40.206
40.156
17.589
17.440
6.823
15.612
15.724
15.774
18.288
18.260
18.266
17.095
17.219
17.357
17.786
17.744
17.767
12.141
12.024
13.148
13.138
20.813
20.828
20.721
20.708
28.516
28.540
28.563
28.562
28.563
20.230
20.361
20.689
20.685
5.173
5.298
5.045
5.094
5.451
13.971
14.077
15.720
15.723
15.711
5.427
6.079
9.880
9.716
9.826
9.756
5.024
5.938
15.204
15.254
15.261
16.136
16.211
16.191
5.329
4.640
15.748
15.718
15.700
11.359
11.390
14.873
14.951
14.796
21.173
21.201
21.251
21.243
26.267
26.387
26.377
26.372
26.358
11.497
11.499
15.363
15.302
15.262
6.550
5.401
9.974
10.044
5.382
16.043
16.141
16.153
5.190
22.125
22.078
22.081
22.054
15.085
15.185
15.185
17.493
17.466
17.400
16.386
16.432
16.403
6.148
7.938
5.177
14.957
15.091
15.092
11.343
11.366
5.534
5.307
4.888
5.244
4.991
9.740
9.760
5.233
9.927
9.926
6.124
19.650
19.670
19.646
19.618
11.575
10.774
10.582
10.418
27.379
27.253
26.983
26.832
16.348
16.314
16.308
5.197
6.042
11.859
11.939
12.961
13.131
22.025
22.039
22.019
21.566
7.460
10.389
10.401
11.089
12.377
28.831
28.798
28.713
28.449
28.357
14.118
15.071
5.550
11.533
11.654
15.993
15.984
15.985
6.071
10.084
10.080
5.619
22.620
22.694
22.688
22.665
16.872
16.952
17.024
25.652
25.666
25.702
25.716
28.235
28.237
28.239
28.226
28.190
14.387
14.372
14.353
30.656
30.671
30.673
30.689
30.681
30.616
9.719
9.774
7.598
6.707
6.237
15.926
15.951
15.957
13.198
13.158
5.029
34.770
34.822
34.900
34.881
34.856
34.870
21.672
22.875
22.855
22.794
5.327
10.153
10.212
21.308
21.461
21.451
21.400
10.886
10.809
21.889
21.919
21.872
21.870
6.023
6.929
18.281
18.344
18.332
28.963
27.857
27.854
27.840
27.835
21.566
21.617
21.635
21.648
23.964
23.942
23.954
23.971
21.069
21.194
21.143
21.157
5.083
11.124
11.246
5.161
5.609
5.793
20.077
20.188
20.185
15.232
15.246
15.238
5.265
16.056
16.130
16.127
24.422
25.755
25.748
25.767
25.780
15.673
15.715
15.655
5.437
5.025
17.167
17.295
17.302
5.389
4.716
4.980
4.632
7.177
6.007
4.838
5.634
10.662
10.593
28.488
28.556
28.564
28.555
28.546
12.085
13.271
10.349
10.382
25.382
26.728
26.740
26.722
26.727
10.442
10.455
4.984
5.311
5.448
5.025
15.965
15.105
5.760
16.142
16.226
16.094
13.571
13.604
11.478
11.519
15.505
15.561
15.552
15.043
15.183
15.112
19.374
19.417
19.417
6.620
10.361
10.408
40.921
40.776
40.771
40.739
40.719
40.730
40.726
20.582
20.688
20.734
20.748
5.229
9.777
9.806
17.855
18.036
18.015
5.090
26.329
26.358
26.465
26.456
26.531
19.685
19.722
19.731
19.789
7.693
21.134
21.157
21.177
21.193
31.078
31.114
31.116
31.119
31.127
31.124
5.236
11.637
11.722
6.396
4.652
5.589
24.093
24.207
24.226
24.261
19.599
20.876
20.976
20.971
15.490
15.517
15.509
11.235
11.194
16.080
16.085
5.591
10.224
10.304
5.597
6.740
10.540
10.499
11.657
11.760
18.225
18.254
18.255
5.486
14.828
14.875
14.907
21.543
21.590
21.569
21.580
9.869
9.897
5.413
7.230
5.007
5.475
5.315
10.545
10.564
12.827
13.460
13.446
6.037
16.942
17.030
17.057
24.210
24.249
24.251
24.245
24.283
22.773
22.776
22.756
22.737
10.180
10.429
11.930
12.024
5.378
5.351
10.651
11.960
5.354
5.384
5.456
5.736
5.551
4.797
6.910
6.205
21.275
21.371
21.366
21.370
17.936
18.032
17.998
5.912
5.509
5.294
11.851
12.030
14.476
14.489
14.496
4.928
7.763
17.250
17.275
17.239
9.930
9.962
13.025
13.033
27.280
27.329
27.305
27.335
27.373
9.371
6.401
6.112
26.357
26.496
26.502
26.488
26.508
15.497
15.530
15.535
11.776
11.812
5.164
5.103
10.291
10.332
22.191
22.218
22.224
22.227
5.508
5.875
17.807
17.843
17.499
11.471
11.411
16.552
16.596
16.600
9.879
9.903
9.676
9.666
6.813
7.359
5.348
5.384
12.420
10.066
21.955
21.957
21.923
21.921
6.066
12.932
12.942
15.345
15.374
15.414
5.605
12.283
12.385
23.801
23.824
23.833
23.868
7.296
6.883
4.838
5.744
6.136
5.849
5.430
33.410
33.146
33.125
33.076
33.087
33.088
20.650
20.912
20.935
5.421
10.480
10.520
21.862
22.003
21.987
21.984
8.710
65.965
66.118
66.121
66.180
66.220
66.284
66.271
66.235
66.301
66.313
66.338
66.384
5.579
31.777
31.859
32.147
32.136
32.128
32.097
17.815
18.041
18.052
54.621
54.720
54.721
54.721
54.740
54.756
54.781
54.748
54.767
54.764
10.235
10.270
25.624
25.715
25.702
25.698
25.696
16.155
16.142
16.154
7.897
16.950
16.822
16.740
24.526
24.561
24.554
24.382
50.867
50.959
50.943
50.950
50.953
50.957
50.948
50.966
50.969
10.175
10.275
6.994
5.275
10.401
10.487
10.732
12.071
5.766
5.763
15.944
16.195
16.185
17.918
17.908
17.910
21.927
21.820
21.777
21.791
10.137
20.815
20.910
20.904
20.776
12.316
12.192
10.243
10.279
8.702
5.728
7.684
5.578
11.349
11.478
6.164
5.924
17.220
17.284
17.285
22.554
23.991
23.993
24.094
13.192
13.266
15.666
15.722
15.728
5.812
8.137
6.489
10.911
10.855
6.372
5.083
11.979
11.991
10.291
10.300
19.367
19.404
19.445
27.029
27.034
27.030
27.028
27.020
12.633
12.626
15.053
15.099
15.073
12.698
12.679
5.125
4.931
10.539
10.576
6.149
10.530
10.641
32.801
32.901
32.948
33.007
33.034
33.007
35.758
35.868
35.802
35.755
35.664
35.611
35.630
5.786
11.444
11.461
11.262
12.738
6.100
5.534
5.072
5.096
6.115
12.973
13.025
15.617
15.675
15.689
5.195
5.360
11.855
11.857
5.306
5.226
5.125
5.293
6.797
5.011
5.404
5.237
5.357
5.448
7.089
10.368
10.349
9.943
9.970
5.926
10.446
10.494
5.443
5.567
5.593
4.937
7.522
5.866
5.303
9.637
9.693
5.245
45.256
45.257
45.324
45.338
45.420
45.454
33.941
33.815
73.105
73.164
73.076
73.019
73.022
73.011
73.025
106.998
107.046
106.928
106.958
106.995
107.120
107.094
107.105
107.095
107.423
52.400
52.294
52.183
51.974
51.653
51.436
51.356
51.301
51.204
8.742
10.764
10.857
5.121
10.827
10.854
12.594
12.632
16.071
16.126
16.087
22.078
22.028
22.000
21.988
6.717
30.023
30.173
30.187
30.195
30.023
14.488
14.567
14.537
4.893
12.457
12.469
6.030
11.598
11.618
22.906
22.650
22.573
22.541
6.369
17.558
17.593
17.593
11.224
11.157
15.133
15.210
15.211
8.054
15.506
15.544
15.534
10.269
10.404
7.960
21.489
21.602
21.875
21.882
18.820
18.827
18.760
7.171
27.586
27.359
27.315
27.266
27.265
25.069
26.659
26.801
26.840
26.840
5.473
5.463
27.540
27.614
27.317
27.320
27.315
12.237
12.381
5.857
12.958
12.957
14.835
13.122
6.465
10.712
10.666
13.042
13.002
5.544
16.446
16.463
16.467
13.283
13.125
19.246
19.352
19.351
19.336
5.717
17.624
17.665
17.649
6.784
5.712
32.758
32.952
32.989
33.040
33.107
53.996
53.984
54.083
54.087
54.078
54.095
64.717
71.601
71.935
71.105
70.889
44.351
44.112
44.082
44.061
46.680
46.638
46.540
46.453
46.360
31.322
31.338
31.329
31.357
31.356
31.361
6.684
11.996
12.030
14.566
14.250
20.801
20.861
20.864
20.863
65.760
65.705
65.712
65.732
65.730
65.686
65.655
65.656
65.658
65.345
65.378
31.297
31.482
31.601
31.723
31.786
34.689
35.226
35.263
35.259
13.629
6.402
10.854
10.886
29.998
29.993
30.039
30.027
29.963
38.197
38.256
38.227
38.223
38.039
38.099
12.835
12.873
11.035
11.083
7.937
11.303
11.362
13.963
13.979
6.305
20.976
21.034
21.089
21.082
34.506
34.595
33.428
33.402
33.402
33.382
6.448
21.170
21.259
21.329
22.546
22.536
22.442
7.082
6.021
7.908
11.948
11.993
5.642
36.961
37.015
37.015
37.006
37.020
37.028
37.048
50.379
50.367
50.389
50.386
49.055
49.043
49.053
49.046
49.043
7.672
9.644
9.731
5.535
24.449
24.449
24.393
24.401
17.321
17.354
17.372
5.807
14.171
14.232
18.617
18.660
18.681
9.196
16.818
16.855
16.839
7.252
21.399
21.330
21.251
14.709
14.762
11.814
11.855
6.313
5.403
32.130
32.181
33.838
33.857
33.801
33.803
17.227
17.174
17.179
5.699
5.346
12.544
12.625
11.559
11.582
5.514
5.497
7.731
8.260
10.941
10.941
5.554
5.468
18.576
18.530
18.523
6.871
10.829
10.850
18.368
18.379
18.390
15.489
15.522
15.555
12.847
12.924
11.159
11.424
6.719
17.702
17.654
17.537
10.191
10.239
5.326
15.199
15.200
19.911
19.882
19.904
10.870
10.814
19.757
19.806
19.876
10.618
10.521
10.452
10.453
8.449
16.593
16.493
16.685
10.639
10.660
7.577
5.623
6.230
10.178
10.171
5.086
5.699
5.530
5.577
6.581
13.820
13.982
11.091
8.059
6.954
23.742
23.676
23.576
23.563
25.085
25.205
25.268
25.295
25.314
22.470
22.458
22.456
22.502
14.813
15.188
16.894
12.634
12.335
7.677
16.138
16.204
16.168
7.544
6.112
7.025
17.850
17.884
17.291
44.144
44.134
44.129
44.125
44.081
44.086
44.071
44.091
20.238
20.131
20.125
20.119
7.087
12.328
12.341
5.042
5.782
5.859
6.200
7.625
31.415
31.439
33.117
33.122
33.124
33.158
34.568
34.661
34.649
34.680
34.689
34.701
34.696
17.097
17.172
17.171
5.161
5.187
5.345
7.633
11.626
11.702
11.191
11.048
13.667
13.719
5.860
11.696
11.656
8.090
35.943
35.781
35.792
35.823
35.811
35.823
20.675
20.697
20.707
5.288
14.816
14.957
8.449
13.863
11.985
25.446
25.465
27.184
27.168
27.127
31.819
31.914
31.909
31.917
32.149
32.230
23.230
23.294
23.302
23.320
10.823
10.987
5.197
7.805
31.571
31.640
33.368
33.364
33.352
33.445
45.654
45.764
45.781
45.759
45.759
45.778
45.774
45.531
45.533
10.368
10.346
13.041
13.146
8.093
11.438
11.147
22.601
22.648
22.638
22.927
20.215
20.242
20.262
20.255
35.716
35.772
35.790
35.724
35.723
35.727
35.704
8.087
8.716
5.210
9.623
9.738
10.138
10.113
7.385
6.014
5.580
4.931
5.637
32.199
32.202
32.208
32.214
32.243
32.244
7.610
11.693
15.232
5.134
10.252
10.280
6.464
5.456
4.752
5.514
10.092
10.046
5.696
9.048
5.626
20.479
20.526
20.610
20.610
10.645
49.250
49.286
49.156
49.043
48.902
48.785
48.689
48.576
28.950
29.089
29.170
29.257
12.216
5.931
5.586
31.161
31.210
31.182
31.100
31.098
26.826
26.843
28.573
28.566
28.550
48.416
48.472
48.466
48.464
48.551
48.553
48.587
48.599
48.614
5.550
6.313
25.630
25.864
25.956
26.074
10.925
10.893
17.406
17.459
17.504
6.421
7.545
25.608
25.651
25.647
25.654
28.823
28.764
28.767
28.776
28.762
33.055
33.038
33.040
33.049
33.056
33.067
25.093
24.986
25.061
20.561
21.431
6.576
24.925
25.265
25.303
13.950
28.129
28.014
28.116
34.745
34.523
34.511
133.830
133.797
133.662
133.530
133.475
133.481
133.471
133.453
133.520
77.210
77.162
77.173
77.113
77.022
76.981
76.911
76.796
76.769
76.690
5.892
9.781
10.999
10.922
23.571
23.717
23.799
37.803
37.686
37.613
32.220
32.287
32.264
86.239
86.337
86.382
86.480
86.544
86.542
86.543
86.542
86.539
75.956
75.965
75.957
75.963
75.932
75.951
75.957
75.955
29.840
29.941
29.933
12.480
12.434
12.882
12.913
18.755
18.762
18.756
11.272
11.335
5.297
5.725
7.510
5.930
6.701
24.863
24.825
24.769
24.762
23.318
23.363
23.317
23.210
5.000
7.882
5.642
5.368
5.207
5.625
5.896
8.219
17.791
17.829
17.936
5.704
5.593
7.800
21.690
21.607
21.579
21.622
45.246
45.411
45.486
45.513
45.480
45.255
45.363
45.394
7.626
10.506
10.542
10.647
10.749
18.875
18.924
18.927
20.462
20.507
20.506
20.512
18.178
18.186
18.202
18.463
17.953
17.971
39.133
39.098
39.102
39.117
39.151
39.136
8.089
6.110
10.020
10.074
23.314
23.263
23.247
23.243
15.148
15.126
6.003
5.040
5.354
22.952
23.029
23.011
22.947
23.168
23.212
23.222
23.227
10.871
11.024
5.839
17.874
17.915
17.986
5.217
11.691
11.703
21.996
22.109
22.414
36.050
35.984
35.915
35.819
32.546
32.652
32.686
32.695
32.735
32.734
5.828
7.554
16.495
16.522
16.502
5.654
5.497
21.484
21.422
21.320
18.621
18.670
18.632
6.966
8.292
6.229
25.114
25.220
27.505
27.526
27.554
11.142
11.279
10.795
10.781
10.307
10.357
7.515
11.391
11.429
6.303
6.690
24.471
24.508
24.517
24.501
16.947
16.914
16.940
19.260
18.712
50.568
50.452
50.397
50.297
50.033
49.913
16.350
16.350
16.342
17.427
17.445
17.428
15.182
15.197
15.198
34.206
34.159
34.188
34.121
34.146
34.172
42.588
42.697
42.701
42.704
42.711
42.740
42.912
43.020
32.811
32.884
32.938
32.949
32.929
32.931
14.817
14.808
24.332
24.437
24.477
24.458
7.951
36.326
36.420
36.276
36.213
36.186
36.150
41.010
41.041
41.034
40.973
40.887
40.847
40.861
17.898
17.880
17.880
15.104
15.194
15.220
5.158
29.804
29.729
30.090
30.104
30.099
8.179
19.165
19.214
19.249
6.585
37.494
37.459
37.452
37.395
37.378
37.375
20.816
20.857
22.951
22.978
11.178
11.042
34.191
34.215
33.929
33.886
33.883
37.674
17.845
17.825
12.462
12.452
53.218
53.336
53.403
53.506
53.606
53.696
53.785
53.877
22.808
22.966
14.662
14.411
24.776
24.754
24.798
24.549
12.514
12.466
10.641
10.750
18.554
18.569
18.508
29.203
29.112
29.087
29.084
29.083
13.059
12.999
24.318
24.218
24.224
24.229
6.344
29.090
29.200
29.204
29.192
29.208
5.220
11.153
11.145
5.622
8.191
11.678
11.666
16.491
16.564
16.571
18.539
18.540
18.549
14.250
14.397
10.019
10.222
40.708
40.691
40.742
40.690
36.931
36.969
36.985
49.458
46.914
46.757
46.702
46.645
46.579
38.832
38.947
38.948
38.967
38.962
38.968
38.968
22.811
22.818
22.826
22.800
14.878
14.958
14.963
7.929
20.609
20.689
20.664
20.625
5.093
8.106
7.570
29.907
29.916
29.893
29.897
29.903
40.206
40.253
40.256
40.243
40.302
40.293
40.302
5.299
17.022
16.991
16.986
18.749
18.838
18.809
5.845
10.412
10.377
18.606
18.684
18.644
11.947
11.911
6.960
24.137
24.142
24.097
24.070
7.806
5.807
5.681
13.657
13.794
14.888
14.966
14.962
5.628
8.463
6.349
10.811
10.695
10.142
10.154
7.481
5.538
6.168
10.958
11.077
18.057
18.079
18.061
10.608
10.507
18.133
18.148
18.115
5.443
8.103
5.886
6.225
6.276
10.950
12.474
5.593
5.614
6.405
14.023
14.143
5.598
11.648
11.759
5.690
13.153
13.147
33.761
33.811
33.781
33.740
33.699
33.684
10.393
10.405
23.621
23.737
23.742
23.741
25.853
25.902
25.849
25.848
25.835
7.946
5.493
5.992
6.450
13.918
13.891
21.886
19.790
19.874
18.105
17.949
26.402
26.485
26.490
26.518
6.733
29.246
29.366
29.456
29.564
30.096
29.873
29.835
11.327
35.320
35.271
35.175
35.094
35.046
11.132
11.211
17.862
17.962
26.513
26.493
26.488
23.864
23.797
23.725
23.735
24.324
24.506
27.014
27.102
45.106
44.995
44.914
44.861
7.129
25.471
25.618
25.691
25.707
39.019
39.097
39.104
39.131
39.159
39.135
39.153
16.396
16.468
16.431
11.872
47.343
47.324
47.282
47.416
47.310
47.169
47.077
46.966
7.122
14.414
14.289
21.495
21.526
21.529
8.402
9.839
19.121
19.041
19.066
6.239
42.236
43.951
43.963
43.967
44.010
44.009
7.419
18.487
18.483
18.412
34.195
34.193
34.174
34.244
34.286
34.286
24.296
24.332
24.292
24.243
14.692
14.408
6.363
23.000
23.031
23.115
23.260
5.739
5.687
41.572
41.825
41.827
41.841
41.754
41.744
41.809
23.572
23.635
23.657
23.675
5.618
5.646
8.725
10.584
10.575
15.337
15.455
15.912
9.656
25.829
25.680
25.321
25.053
21.967
21.937
21.929
37.798
37.853
37.872
37.840
37.835
37.859
37.872
40.341
39.304
39.311
39.377
39.376
39.238
21.964
21.752
21.768
21.705
19.032
19.053
19.082
7.193
36.165
36.130
36.105
36.102
36.088
36.067
35.018
35.108
35.178
35.237
35.268
35.335
11.534
11.562
12.076
11.996
9.673
12.533
12.423
6.727
11.029
11.080
22.233
22.206
22.276
22.315
44.022
43.989
43.995
43.958
44.006
44.009
44.015
44.039
26.526
26.623
26.733
6.651
20.745
20.744
24.133
24.147
23.432
23.468
23.470
23.490
5.552
5.364
8.743
29.854
29.837
29.805
29.484
29.381
49.929
49.995
49.995
50.001
50.077
50.098
50.269
50.325
7.697
13.355
13.099
35.406
35.335
35.240
35.430
5.384
13.292
13.069
14.022
14.061
25.179
25.285
25.286
25.325
25.388
23.401
23.489
23.498
23.496
10.687
10.697
8.147
15.513
15.471
15.500
6.599
12.761
12.920
10.152
10.054
5.527
22.225
22.293
22.292
22.430
20.192
20.204
20.082
20.070
14.975
14.984
5.408
15.400
15.162
15.144
8.524
20.438
20.500
20.507
20.490
5.459
8.249
11.607
11.487
6.138
5.315
45.509
45.440
45.353
45.257
45.233
45.264
32.192
32.104
32.189
54.541
54.553
54.486
54.400
54.321
54.251
54.248
54.225
54.200
54.015
4.730
17.918
17.882
17.863
15.485
15.517
15.409
5.083
9.363
5.818
12.955
12.807
28.085
28.086
28.096
28.082
28.071
23.916
23.860
23.904
23.923
34.303
34.308
34.330
34.517
34.516
34.523
34.478
12.658
12.703
5.476
5.098
10.375
10.321
9.744
11.261
11.233
5.128
17.389
17.504
17.488
6.029
6.255
5.460
7.226
33.395
33.387
33.397
33.617
33.706
12.516
14.929
10.479
10.506
21.937
21.964
22.021
22.079
19.360
19.370
19.348
10.590
10.584
5.013
11.776
26.674
26.667
26.640
26.486
26.489
8.382
50.520
50.531
50.535
50.504
50.503
50.521
50.501
50.493
50.446
5.425
10.323
10.229
35.992
36.125
36.126
36.115
36.103
36.166
4.959
22.390
22.259
22.243
22.267
26.088
25.849
25.811
25.820
14.276
14.400
59.547
59.526
59.531
156.729
156.607
156.507
153.592
153.167
153.085
152.984
153.078
152.987
152.808
152.724
152.459
152.412
152.251
13.893
16.243
16.486
16.428
5.678
18.161
18.310
18.346
7.295
35.204
35.286
35.247
35.254
35.284
35.284
33.967
34.025
33.733
33.729
33.748
33.761
5.252
5.590
17.962
18.041
18.015
7.291
28.742
28.582
28.585
28.597
28.554
8.935
38.583
38.683
38.687
38.696
38.619
38.749
38.756
10.216
10.060
12.639
12.701
5.429
4.937
24.345
24.378
24.376
24.355
6.188
10.637
10.727
6.492
19.701
19.781
19.790
47.119
47.187
47.113
47.002
47.001
46.955
46.933
46.941
46.950
5.225
19.950
20.008
19.977
6.830
18.429
18.533
18.357
16.054
16.052
16.108
5.751
5.965
50.303
50.554
50.512
50.536
50.480
50.467
50.466
50.483
50.518
36.338
36.351
36.341
36.320
36.311
36.326
10.564
10.570
7.914
13.041
12.242
16.381
16.406
16.438
32.861
32.456
32.448
32.443
32.372
42.804
42.774
42.760
42.769
42.778
42.777
42.772
8.612
11.003
10.974
10.598
10.600
5.539
9.618
9.652
10.632
10.610
18.551
18.518
18.501
10.229
10.215
29.245
29.277
29.242
29.226
29.213
13.422
13.355
7.307
18.439
18.375
18.377
9.502
9.487
18.092
18.031
17.996
7.743
17.342
17.335
17.190
12.998
12.900
6.093
28.102
28.152
28.176
28.184
28.180
23.988
24.058
26.682
26.672
26.664
5.706
6.047
5.058
5.637
11.072
11.106
20.920
20.926
20.931
20.912
10.146
10.177
10.012
26.288
26.356
32.166
32.690
31.945
31.769
35.127
35.068
34.978
34.985
156.927
136.777
136.562
136.550
136.514
19.384
19.715
76.129
76.092
76.563
76.576
76.578
76.577
76.572
76.597
76.630
76.667
76.629
76.621
76.704
29.935
29.853
29.882
29.937
29.967
10.603
10.629
32.717
32.544
32.564
32.578
32.531
32.514
19.071
18.745
18.740
20.386
20.353
20.342
20.366
33.015
33.031
33.045
33.043
33.052
33.043
5.484
34.992
34.684
34.665
34.646
34.642
34.633
34.611
16.083
16.020
19.105
19.099
19.087
19.077
27.358
27.424
27.415
27.413
27.416
10.415
10.414
35.353
35.369
35.645
35.617
35.508
35.508
35.516
34.317
34.337
34.270
34.288
34.321
34.315
37.469
37.725
37.728
37.699
37.648
37.638
37.649
9.517
12.149
12.064
20.452
20.417
20.409
20.401
8.552
24.140
24.247
24.236
24.213
24.192
7.900
25.284
25.180
25.124
25.125
25.043
9.560
5.290
5.137
16.779
16.809
16.867
22.836
22.855
11.722
34.815
34.765
34.682
34.587
34.517
37.413
37.397
37.377
37.360
37.351
37.319
37.314
16.043
16.061
16.053
15.214
15.172
10.100
10.110
5.581
6.365
18.958
18.795
18.778
37.576
37.607
37.571
37.558
37.567
37.565
37.558
38.476
38.611
38.617
38.619
38.627
38.623
38.664
9.996
9.939
10.777
10.758
8.937
5.654
16.718
16.652
16.655
19.442
19.402
19.375
5.911
18.922
18.978
19.051
39.686
39.624
39.542
39.469
39.397
39.325
39.241
8.440
10.385
10.414
5.406
13.469
13.467
9.021
10.555
10.584
5.085
9.707
9.756
15.551
15.490
15.462
46.044
46.135
46.216
46.242
46.445
46.456
46.449
46.525
52.208
52.231
52.132
52.135
52.131
52.087
52.051
52.072
52.057
6.111
6.499
6.312
10.770
10.605
5.157
8.393
13.945
11.436
6.190
5.378
5.670
35.005
34.933
34.953
34.955
34.953
35.001
13.086
16.013
15.040
15.078
15.073
5.609
38.746
38.869
38.868
38.861
38.798
38.760
38.747
43.821
43.843
43.896
43.986
44.038
44.122
44.187
44.438
25.151
25.327
25.336
25.339
27.706
27.775
27.736
27.707
27.712
5.519
11.054
11.107
19.605
18.975
18.865
7.283
22.122
21.931
21.922
22.195
25.115
25.216
25.180
25.201
38.712
38.626
38.550
38.516
38.587
38.914
38.941
8.875
5.692
14.400
14.327
6.447
15.385
15.428
15.377
7.820
5.020
5.568
5.769
18.349
18.191
18.184
6.804
29.983
30.017
29.983
29.913
29.889
20.055
20.041
20.039
20.033
17.918
17.957
17.998
9.717
9.681
4.904
5.168
19.854
19.659
19.801
7.656
18.413
18.516
18.514
10.451
10.645
9.168
54.664
54.599
54.547
54.330
54.245
54.043
54.038
54.046
53.973
8.334
5.365
19.566
19.608
19.587
23.415
23.407
23.403
23.408
5.247
5.254
18.466
18.464
18.616
5.571
37.926
37.939
37.947
37.956
37.928
37.923
38.154
27.759
28.029
28.019
28.029
28.019
10.943
10.762
11.412
11.463
31.045
31.054
31.058
31.045
10.713
10.756
20.307
20.235
20.249
11.360
7.941
46.201
46.263
46.260
46.236
46.274
46.303
46.299
46.310
12.517
21.746
21.754
21.723
21.698
13.099
16.782
6.207
5.638
6.556
10.082
10.073
5.708
9.734
9.597
10.797
12.906
5.880
22.708
22.701
22.722
22.703
33.938
33.964
33.980
33.950
33.952
33.973
5.515
19.520
19.549
19.510
6.531
5.111
11.704
11.941
10.299
32.158
28.930
28.890
28.894
28.881
5.975
9.224
25.702
25.737
25.761
25.773
25.773
24.314
24.382
24.370
24.316
4.936
15.436
15.469
6.550
5.094
29.083
29.137
29.133
29.128
29.111
49.198
49.217
49.213
49.171
49.174
49.202
48.939
48.950
48.933
24.575
24.595
24.602
24.601
5.348
4.813
5.701
6.534
6.413
10.353
10.418
5.627
17.498
17.515
17.500
10.017
52.563
52.619
52.581
52.518
52.504
52.409
25.911
22.836
22.806
22.814
10.353
10.318
12.920
13.027
11.651
11.634
6.671
20.377
20.413
20.393
33.579
33.610
33.631
33.647
33.590
33.531
20.140
20.157
20.144
20.123
5.227
28.740
28.778
28.725
28.571
28.544
5.748
8.959
11.074
11.128
5.809
11.550
11.565
20.068
20.111
20.110
24.783
24.823
28.001
28.007
27.954
27.470
27.447
27.442
27.461
27.453
24.283
24.293
24.419
24.277
5.255
5.544
5.511
5.515
8.917
5.912
5.533
7.841
21.082
21.141
21.111
11.030
10.993
5.536
10.901
10.790
19.711
19.729
19.760
19.745
15.546
15.574
18.457
5.877
6.090
15.202
15.230
15.265
5.624
13.256
13.364
15.623
15.614
15.597
5.522
8.917
5.619
15.530
15.582
15.599
6.431
14.617
14.693
10.592
10.571
23.834
23.808
23.794
23.801
10.421
10.365
10.465
10.386
13.635
13.615
6.668
5.419
5.459
18.246
18.345
18.341
10.374
10.357
5.224
5.008
24.271
24.297
24.302
24.191
24.388
24.401
24.360
24.320
24.340
24.379
24.412
24.420
24.415
9.018
28.234
28.255
28.302
28.347
28.314
8.294
5.680
5.541
14.645
14.673
14.655
8.547
5.813
4.958
5.297
10.507
10.495
10.082
10.762
10.651
5.310
10.732
10.709
17.556
17.483
17.428
28.816
28.786
28.772
28.746
28.726
21.257
21.358
21.358
21.333
24.212
24.175
24.150
24.132
10.285
10.334
19.681
19.695
19.792
20.279
20.278
20.247
20.202
23.834
23.855
23.836
23.856
15.057
15.123
18.102
12.316
12.335
22.029
21.765
21.752
21.676
9.463
6.649
38.896
38.866
38.845
38.857
38.878
38.867
38.823
11.432
11.383
29.847
29.857
29.940
29.934
29.902
6.687
19.675
19.714
19.715
5.661
4.968
15.808
15.799
15.799
13.769
13.590
5.758
45.534
45.476
45.477
45.443
45.340
45.209
45.150
45.176
9.109
24.801
24.834
24.826
24.959
34.985
35.096
35.161
35.186
35.179
35.175
5.274
40.850
40.854
40.917
40.910
40.922
40.940
40.882
21.051
20.740
44.929
40.964
40.686
40.665
144.600
144.648
144.665
144.723
144.833
144.861
138.019
99.969
99.846
99.728
99.637
99.501
99.377
99.177
99.028
98.988
98.950
98.900
98.878
98.832
15.659
15.712
15.629
21.684
21.673
21.523
7.131
5.828
5.711
69.324
69.434
69.476
69.490
69.493
69.507
69.519
69.636
69.643
69.652
69.646
38.935
38.916
38.786
38.677
38.657
38.589
38.567
5.264
6.261
20.608
24.201
24.239
49.783
49.666
49.678
49.704
49.720
49.347
49.321
49.343
52.841
52.909
52.917
52.931
52.883
52.829
52.847
52.849
52.821
19.331
19.336
19.501
5.251
10.044
10.081
5.256
8.423
11.275
11.319
6.331
16.818
16.866
16.872
35.003
35.041
35.061
35.003
35.019
35.010
13.184
13.497
5.878
6.455
15.904
15.974
15.941
9.485
10.847
10.778
6.137
11.389
14.412
5.833
21.053
21.025
21.010
20.854
15.354
15.312
9.697
9.725
10.730
10.663
19.166
18.775
18.531
7.074
6.152
5.802
5.244
8.877
10.337
10.343
4.923
5.418
24.021
24.136
24.146
24.154
5.258
9.894
9.917
8.633
5.360
20.476
20.530
20.487
20.428
8.288
15.442
15.446
15.447
19.735
19.810
19.797
7.290
6.034
7.568
19.614
20.161
51.007
68.545
68.270
68.548
82.907
80.250
80.077
80.037
79.821
7.449
13.322
13.444
35.857
35.991
35.974
35.980
35.984
36.003
33.553
33.579
33.576
33.554
33.514
33.500
34.494
34.534
34.543
34.519
34.494
34.453
42.982
43.007
42.995
42.996
42.996
43.002
42.856
42.834
15.775
15.610
18.936
7.126
43.800
43.815
43.824
43.803
43.800
43.763
43.760
43.776
42.841
42.776
42.736
42.732
42.697
42.691
42.700
42.715
8.787
5.011
13.019
13.083
6.285
5.077
5.071
5.908
24.485
24.561
25.534
25.583
4.995
6.169
15.036
14.985
7.250
28.549
28.609
28.613
28.616
28.610
12.603
12.526
16.952
16.969
16.929
8.373
5.342
10.077
10.151
22.901
22.924
22.919
22.923
9.956
9.988
5.111
13.389
13.464
19.495
19.597
19.582
19.560
5.394
8.592
5.924
5.680
5.588
4.927
5.299
9.236
5.684
6.454
25.101
24.947
24.793
24.752
36.095
36.104
39.194
39.223
39.231
39.203
30.397
30.435
30.400
30.412
30.380
30.638
13.846
13.741
9.725
9.681
5.228
18.942
18.945
18.898
5.387
4.731
5.744
6.031
14.725
14.769
38.454
38.435
38.456
38.491
38.490
38.492
38.486
7.857
15.121
15.028
14.973
12.897
12.919
5.972
10.284
10.311
5.677
14.412
14.181
5.487
5.588
5.277
13.701
33.234
29.953
29.840
29.814
29.597
41.752
41.758
41.719
41.699
41.670
41.653
41.655
41.627
23.914
23.903
23.801
23.767
10.453
10.440
5.875
8.636
15.246
15.295
15.267
5.635
10.293
29.873
26.736
26.756
26.775
26.773
7.683
34.238
34.306
34.290
34.288
34.267
34.249
13.826
13.846
5.521
9.450
9.482
4.953
13.941
13.979
6.394
24.426
24.443
24.472
24.453
49.254
49.334
49.282
49.288
49.262
49.299
49.229
49.192
49.065
34.374
34.464
34.676
34.682
34.678
34.658
20.667
20.572
20.520
20.505
11.269
42.964
43.006
42.999
42.993
42.979
42.965
42.944
42.929
4.991
6.555
22.279
22.528
22.535
31.458
31.450
31.439
31.416
31.404
9.078
20.960
20.970
20.949
20.929
6.547
28.672
28.644
28.423
28.332
7.322
7.014
14.566
14.618
5.337
6.121
20.764
20.827
20.839
6.785
31.252
31.316
31.251
31.284
31.300
8.516
29.142
29.258
29.233
29.227
29.220
19.998
19.941
19.891
19.875
24.188
24.246
24.221
24.234
28.006
28.056
27.925
27.812
27.070
27.184
27.156
27.122
27.098
42.664
42.704
42.844
42.892
42.996
43.084
43.136
43.152
14.352
14.299
24.939
24.971
24.967
24.958
24.925
14.038
14.013
9.957
9.834
5.235
10.112
14.921
11.615
10.874
10.846
5.952
6.430
33.805
33.933
33.938
33.985
33.991
34.020
5.912
16.017
15.899
15.842
6.417
5.645
5.250
9.530
11.414
11.439
7.956
11.052
11.103
26.036
26.154
26.163
26.174
26.189
22.819
22.863
22.855
12.088
12.018
6.521
11.249
11.380
11.739
11.740
16.101
16.073
16.054
5.533
15.416
15.415
65.343
65.356
65.365
65.377
65.408
65.450
65.452
65.473
65.475
65.467
65.468
65.523
26.233
26.310
26.310
26.302
10.088
10.164
9.408
5.557
5.330
25.839
25.542
25.456
25.438
28.129
28.095
28.087
28.079
28.076
18.375
18.316
40.864
40.881
40.901
40.904
40.902
40.601
40.566
7.771
5.349
5.860
19.168
19.259
19.257
35.901
35.885
35.874
35.824
35.825
35.838
11.913
11.993
10.307
10.368
15.657
15.303
21.346
21.422
21.380
21.374
5.255
19.146
19.239
19.240
46.340
46.320
46.258
46.319
46.343
46.390
46.438
46.525
30.473
30.404
30.352
30.300
44.186
44.211
44.253
44.272
44.229
44.222
44.221
44.222
10.329
10.388
5.477
5.329
9.008
11.291
11.280
29.443
29.458
29.432
29.414
29.408
14.865
14.848
14.862
13.912
13.962
10.456
10.435
10.689
10.684
5.503
5.458
5.821
17.271
17.280
17.253
10.283
25.438
21.924
21.871
21.860
24.627
24.655
24.696
24.689
5.289
5.721
5.619
10.738
10.651
5.181
5.798
5.184
23.909
23.846
23.817
23.811
16.112
16.135
16.124
6.602
28.221
28.317
28.300
28.288
28.279
5.506
4.821
14.451
14.335
46.349
46.408
46.462
46.476
46.472
46.443
46.426
46.428
46.438
5.061
5.746
9.508
10.407
10.353
10.481
10.399
5.238
25.476
25.531
25.513
25.504
25.498
28.057
28.124
28.116
28.109
28.092
9.622
9.667
9.860
25.806
25.733
25.661
16.327
16.379
16.382
13.662
13.676
5.676
33.351
33.428
33.429
33.434
33.424
33.412
5.503
19.644
19.740
19.755
12.173
12.131
24.392
24.278
24.246
24.284
10.259
10.259
6.375
35.514
35.661
35.664
35.656
35.662
35.434
35.412
35.417
35.422
35.387
35.369
34.442
34.512
34.457
34.451
34.440
34.427
10.345
10.294
4.978
5.049
13.750
13.813
9.990
10.051
10.516
10.475
23.797
23.872
23.906
23.901
33.180
33.205
33.203
33.200
33.201
33.224
37.724
37.730
37.730
37.756
37.751
37.726
37.556
9.753
9.748
4.936
4.780
8.907
11.541
11.243
35.721
35.747
35.760
35.744
35.674
35.668
5.451
19.518
19.495
19.469
33.378
33.381
33.362
33.353
33.343
33.340
20.457
16.954
16.940
10.056
10.015
28.724
28.763
28.798
28.819
28.815
6.825
5.226
13.672
13.706
5.459
6.558
11.385
11.330
15.375
15.443
25.009
25.406
28.836
28.842
28.831
14.961
14.968
14.993
5.689
19.405
19.573
19.582
11.864
12.071
11.775
11.738
14.094
14.081
60.055
60.033
60.033
60.029
60.033
60.027
60.085
60.069
60.191
60.197
60.199
33.220
33.237
33.232
33.217
33.190
33.174
15.434
15.437
18.903
5.758
5.732
35.882
35.875
35.901
35.819
35.811
35.806
17.944
17.828
17.826
51.512
51.548
51.536
51.537
51.555
51.585
51.603
51.620
51.834
5.391
5.196
30.301
30.260
30.132
30.026
30.003
7.547
15.189
15.417
15.433
37.945
37.950
38.017
37.826
37.785
37.657
29.761
29.709
29.798
20.739
20.651
123.116
123.104
123.074
122.998
123.501
123.602
123.611
24.692
24.754
55.614
55.322
55.300
55.255
55.198
55.190
16.992
16.820
5.574
10.275
10.277
36.760
36.731
36.702
36.668
36.685
36.685
7.800
43.423
43.480
43.475
43.480
43.483
43.500
43.496
43.504
19.992
19.862
19.865
5.052
4.918
39.910
39.887
39.875
39.869
39.847
39.830
39.756
17.338
17.349
60.989
61.000
60.960
60.949
60.926
60.941
60.938
60.934
60.932
60.925
60.908
25.879
25.800
25.555
25.535
11.518
11.544
6.738
15.193
15.297
5.639
22.177
22.129
21.839
21.840
30.516
30.491
30.508
30.519
30.508
23.789
23.814
23.807
23.788
33.746
33.791
33.794
33.793
33.780
33.980
5.488
15.998
16.055
16.080
5.681
6.087
15.704
15.762
15.764
24.600
24.666
24.659
24.632
5.213
10.335
10.355
19.902
19.892
19.845
24.826
24.818
28.667
28.655
28.651
32.071
32.011
31.986
31.870
31.953
31.896
28.134
28.124
28.057
28.038
10.719
10.469
5.765
20.482
20.569
20.579
32.892
32.923
36.520
36.501
30.873
30.861
30.847
30.804
30.770
30.605
19.475
19.481
19.499
36.338
36.350
36.367
36.363
36.313
36.303
5.253
5.933
14.304
14.399
18.164
25.677
25.706
25.682
25.666
25.659
14.950
14.918
20.158
16.637
16.538
35.904
36.003
35.992
35.983
36.014
36.007
5.094
5.946
10.989
10.971
19.439
19.398
19.393
5.185
30.997
31.019
31.090
31.077
31.000
40.087
40.224
40.226
40.229
40.225
40.231
40.218
7.865
9.733
9.701
9.202
5.426
14.344
14.456
14.456
6.083
9.946
11.077
11.092
6.654
36.057
36.037
36.021
35.997
35.987
35.988
8.616
34.797
34.977
35.056
35.120
66.629
66.453
66.399
66.318
65.496
10.490
8.401
6.731
23.597
23.627
23.592
33.057
33.087
36.736
36.734
36.713
36.737
