37.923
127.185
127.664
127.335
127.024
127.124
126.751
126.555
126.519
126.238
126.163
126.107
125.979
126.164
126.437
125.244
125.213
5.911
14.072
14.431
43.135
42.764
42.643
42.340
42.317
40.729
40.595
12.029
30.929
31.183
31.214
31.236
30.168
61.963
61.981
62.008
62.043
62.030
60.998
60.992
62.009
61.906
61.913
60.859
22.420
22.354
22.321
22.288
33.181
33.274
33.269
33.259
32.121
32.845
31.354
32.065
29.990
30.434
29.778
11.826
11.848
25.458
25.442
25.685
25.694
18.591
27.615
27.655
27.592
27.527
26.990
9.583
11.091
13.012
41.569
41.578
41.575
41.587
41.581
41.509
41.539
41.544
21.639
21.679
21.683
21.641
23.680
23.708
23.690
23.629
18.764
18.636
18.532
18.113
17.986
17.936
9.867
5.065
40.169
38.733
38.598
38.615
38.609
38.602
38.615
7.151
37.344
37.503
37.493
37.471
37.469
37.472
37.433
5.332
5.466
9.917
6.724
7.835
10.297
10.343
5.339
48.695
48.720
48.694
48.685
48.635
48.347
48.335
48.338
49.872
81.130
76.559
75.096
75.046
74.980
74.952
74.933
74.947
74.916
74.887
25.981
26.037
25.983
25.975
25.964
7.955
42.955
42.962
42.961
42.968
43.033
43.086
43.070
43.060
21.209
21.209
21.212
21.217
5.328
5.434
11.381
11.468
8.499
15.703
13.453
5.103
23.937
16.387
16.323
10.628
10.580
24.375
26.051
26.098
26.095
28.576
28.485
28.442
28.381
28.353
14.882
14.798
22.229
22.328
22.438
70.053
70.084
70.070
71.612
71.595
70.667
70.615
70.527
70.482
70.479
70.491
70.486
70.459
25.545
25.563
25.576
25.585
25.572
5.044
11.882
11.868
24.208
24.251
24.330
24.387
16.656
16.718
16.710
21.244
21.175
21.168
21.115
62.110
62.187
62.182
62.118
61.065
61.022
60.992
60.985
60.978
60.953
60.950
60.934
10.045
10.059
6.894
6.334
15.774
15.813
15.853
12.418
12.394
5.306
5.412
5.050
57.545
57.577
57.575
57.603
57.693
57.705
57.761
57.810
57.821
57.820
57.826
35.218
35.225
35.201
35.214
35.175
35.147
35.139
9.775
9.785
9.220
8.490
6.504
12.433
12.364
20.673
20.978
20.986
20.999
5.414
63.799
63.780
63.801
63.755
63.694
63.697
63.683
63.672
63.668
63.637
63.610
63.604
24.276
24.213
24.211
24.215
9.913
10.686
45.024
44.764
44.761
44.740
44.735
44.722
44.723
44.670
5.781
5.457
66.667
66.760
66.751
66.774
66.789
66.803
66.828
66.820
66.809
66.819
66.822
66.827
66.831
14.924
15.019
15.024
11.345
11.326
45.547
45.589
45.589
45.593
45.575
45.588
45.595
45.615
45.625
5.004
9.701
42.078
42.141
42.112
42.105
42.170
43.838
43.564
43.507
41.964
41.989
42.214
42.199
42.200
42.209
42.201
42.220
41.152
41.178
41.189
44.261
44.287
44.305
44.337
44.328
5.182
5.378
7.568
18.676
18.647
18.666
11.710
11.539
6.292
30.143
30.216
30.229
30.204
30.225
30.237
9.588
10.317
20.538
20.406
20.427
20.392
16.492
16.498
16.487
12.505
11.678
9.823
9.954
21.148
21.153
22.755
22.771
5.029
15.477
15.572
15.534
61.997
62.037
60.822
61.835
61.855
69.129
59.621
59.601
5.478
7.015
6.342
36.342
36.356
36.388
36.378
36.376
36.402
36.634
28.885
28.970
28.977
28.968
28.959
40.257
40.353
40.377
40.394
40.383
40.432
40.448
40.544
64.674
64.461
64.205
64.194
64.176
64.113
64.012
63.949
63.940
63.929
63.897
63.893
10.237
10.274
9.891
9.924
6.490
5.627
5.132
4.819
5.549
11.666
11.674
5.227
15.730
15.510
15.486
51.422
51.367
51.364
51.376
51.362
51.368
51.359
51.375
51.372
51.364
9.218
66.959
66.964
66.980
66.982
66.983
66.963
66.966
66.829
66.771
66.770
66.568
66.567
14.829
14.922
14.918
10.999
10.960
22.888
22.890
22.894
22.847
28.499
28.509
28.509
28.512
28.536
6.010
33.091
32.985
32.963
32.935
32.873
32.868
12.765
12.731
12.164
12.209
5.666
5.871
10.357
10.376
5.449
5.305
5.680
5.681
11.615
11.357
17.384
17.393
17.405
5.460
26.880
26.996
26.995
27.000
27.052
5.296
32.336
32.273
28.878
28.859
28.983
40.858
40.836
40.903
40.854
40.984
41.002
46.916
47.011
47.008
47.013
46.992
46.963
46.958
46.954
46.947
5.073
5.090
16.410
16.459
16.426
9.688
9.705
22.198
22.171
22.190
22.233
14.353
14.449
14.586
39.139
39.061
39.005
39.010
39.013
39.015
39.018
57.362
57.415
57.413
57.422
57.424
58.088
58.106
58.126
58.155
58.170
49.716
49.842
49.816
49.818
49.860
49.838
49.936
49.970
49.961
6.183
13.691
13.494
21.133
21.154
21.125
21.169
8.428
11.499
39.818
39.687
39.641
39.518
39.384
39.250
39.140
56.647
56.657
56.668
56.656
56.643
56.650
56.656
56.486
56.475
56.480
56.482
5.708
6.993
5.206
13.516
13.555
26.337
26.249
26.168
26.134
38.537
38.484
38.260
38.256
39.957
39.981
39.992
10.605
65.940
66.220
66.238
66.246
66.264
66.262
66.277
66.266
66.275
66.272
66.260
66.261
66.262
10.013
10.067
6.610
26.789
26.846
26.838
26.890
26.880
10.791
11.869
23.020
23.072
23.032
23.026
11.848
12.095
25.414
25.288
25.176
25.103
20.215
20.036
19.962
55.788
54.718
54.715
54.721
54.723
54.724
54.734
54.740
54.778
50.422
50.500
50.497
50.531
50.552
53.644
53.689
53.712
53.737
53.562
10.520
11.673
5.719
31.091
32.241
32.209
32.207
32.216
32.281
15.881
15.997
16.013
6.332
24.343
24.462
24.418
24.356
21.672
21.499
21.506
21.609
34.369
34.178
34.120
34.130
34.127
34.126
9.726
7.740
5.598
5.439
15.377
15.668
15.646
6.904
11.165
11.237
16.430
16.287
16.307
17.006
16.663
16.688
25.602
25.605
25.611
25.579
25.554
5.749
10.994
11.028
6.436
17.725
17.789
17.770
10.007
9.975
5.480
8.030
5.912
9.809
9.886
10.472
10.463
17.632
17.607
16.578
6.172
5.324
12.643
12.675
26.186
26.224
25.888
25.903
25.956
33.238
33.302
33.266
33.302
33.245
33.213
11.552
11.573
19.295
19.323
19.286
24.991
25.042
25.024
25.058
25.059
5.567
4.849
5.249
17.987
18.117
18.137
15.684
15.593
15.579
16.655
16.767
16.902
15.570
15.458
15.371
26.607
26.819
26.877
26.898
26.904
19.283
23.007
23.034
6.358
58.262
58.265
58.290
58.303
58.287
58.325
58.418
58.409
58.350
58.285
58.324
26.791
26.884
26.845
26.796
26.813
15.926
16.032
16.066
29.522
30.661
30.673
30.678
30.681
30.674
11.068
11.073
35.728
35.754
35.766
35.893
35.938
35.254
38.668
38.638
38.630
38.633
38.629
38.634
38.616
9.175
25.378
25.484
25.491
25.488
25.533
31.864
33.108
33.123
33.100
33.079
33.073
10.802
10.812
11.271
11.279
10.819
17.470
17.524
17.532
32.981
33.017
33.008
33.017
33.079
33.108
36.980
37.065
37.035
37.036
37.028
37.073
37.080
45.520
45.626
45.758
45.840
45.881
45.877
45.894
45.898
45.920
5.225
5.826
5.163
7.724
11.208
10.616
6.070
5.877
17.155
17.115
17.114
6.820
45.003
45.232
45.227
45.240
45.243
45.252
47.495
47.533
67.489
67.593
67.644
67.606
67.575
67.577
67.539
67.435
67.456
67.426
67.380
67.379
67.387
21.370
21.414
21.422
21.430
19.434
19.610
19.614
19.606
5.888
14.192
14.215
31.890
33.466
33.548
33.641
33.727
9.116
40.785
40.721
40.699
40.721
40.624
40.557
40.515
28.646
28.654
28.675
28.693
32.012
44.224
44.214
44.221
44.250
44.237
44.044
44.047
65.112
65.050
65.148
65.484
65.629
65.757
65.875
66.010
66.131
28.842
28.818
28.821
28.674
10.753
39.949
40.105
40.164
40.297
40.348
40.403
45.921
45.871
45.782
45.707
45.550
61.165
61.176
61.030
60.958
60.878
60.787
59.679
59.607
59.508
5.617
20.960
21.031
21.056
21.060
7.549
39.153
39.227
39.214
39.197
39.450
39.533
39.596
21.807
21.904
21.936
21.966
6.003
6.673
5.816
6.913
16.061
16.053
15.967
6.858
23.549
23.607
23.634
23.538
25.856
25.854
25.940
25.953
60.087
60.155
60.171
60.225
60.222
60.119
60.092
60.302
60.307
60.315
60.330
25.322
25.336
25.338
25.338
14.553
14.577
14.601
26.217
26.301
26.318
26.309
26.293
5.197
16.134
16.201
16.211
46.830
46.807
46.813
46.808
46.806
46.811
46.810
46.810
46.801
34.161
34.255
34.267
34.281
34.105
34.113
21.483
21.538
21.554
21.613
54.629
54.751
54.883
54.904
54.903
54.813
54.738
54.736
54.740
54.754
41.855
41.861
41.870
41.851
41.840
41.837
41.896
41.930
36.256
36.333
36.342
36.336
36.346
36.353
36.542
9.729
9.714
28.955
29.016
28.993
29.005
29.003
5.149
12.121
12.164
6.684
4.961
37.362
37.342
37.323
37.317
37.324
37.264
37.276
6.753
36.673
36.782
36.807
36.791
36.770
36.776
36.766
31.804
31.873
31.879
31.885
31.679
31.683
12.132
12.221
10.617
10.544
11.072
11.026
8.461
18.782
17.352
17.335
5.426
4.972
5.228
49.464
49.559
49.560
49.565
49.554
49.547
49.514
49.448
49.448
43.039
43.232
43.183
43.184
43.141
43.091
42.862
42.859
42.932
43.036
43.032
43.042
42.837
42.845
42.849
42.857
14.474
15.971
15.977
21.529
21.558
21.543
21.537
11.764
11.737
19.934
19.994
19.986
28.826
28.734
28.724
28.725
28.695
5.848
12.119
12.139
8.494
50.293
50.383
50.386
50.399
50.414
50.383
50.386
50.392
50.390
12.415
35.846
35.835
35.816
35.997
36.080
36.089
48.186
48.240
48.237
48.289
48.302
48.324
48.330
48.344
48.374
38.295
38.328
38.273
38.182
50.665
50.754
50.754
50.761
50.749
50.803
50.818
50.822
50.835
50.835
33.083
32.987
32.984
32.987
32.974
33.032
30.545
30.479
30.511
30.565
30.575
30.638
5.226
10.062
10.096
16.631
16.676
16.681
10.087
10.051
6.057
24.051
24.098
23.656
23.650
17.068
17.099
17.098
27.424
27.462
27.465
27.460
27.472
48.236
48.312
48.294
48.291
48.279
48.318
48.384
48.325
48.263
29.442
29.745
29.734
29.754
29.760
5.845
39.357
39.357
39.353
39.384
39.393
39.418
39.475
43.456
43.526
43.492
43.440
43.438
43.467
43.401
43.307
7.964
46.967
47.030
47.006
47.014
46.945
46.925
46.895
46.895
46.908
5.298
8.072
39.727
39.956
40.021
40.113
40.200
84.828
84.794
84.826
84.451
84.377
84.293
84.243
84.217
84.220
84.150
84.114
95.265
95.434
95.453
95.554
95.590
95.609
95.707
95.846
95.947
96.136
96.155
49.059
49.038
48.967
48.902
48.828
48.818
43.876
43.908
43.892
44.099
44.131
44.136
44.154
24.020
24.015
24.016
24.017
5.579
29.470
29.567
29.576
29.647
29.660
31.268
31.480
31.463
31.430
31.480
38.739
38.766
38.718
38.685
38.688
38.640
38.634
55.789
55.846
55.819
55.887
55.908
55.926
55.972
56.002
56.035
56.056
27.468
27.529
27.319
27.344
27.389
7.805
5.243
5.207
10.245
11.839
17.389
17.430
17.450
19.521
19.765
19.857
20.805
20.922
10.866
43.693
43.534
43.515
43.490
104.464
104.928
105.033
105.020
105.029
104.934
104.964
104.985
104.957
104.950
18.052
23.999
23.878
43.762
45.057
45.016
45.035
45.031
45.070
45.103
15.206
15.112
28.174
28.416
28.436
28.471
28.476
10.655
10.636
38.217
38.219
38.101
38.089
38.087
38.061
38.050
7.773
22.123
22.301
22.401
22.494
22.360
22.435
22.544
22.561
23.447
23.471
23.495
23.516
21.593
21.642
21.699
20.153
20.176
20.199
20.130
23.315
23.269
23.206
23.201
42.421
42.473
42.495
42.502
42.506
42.480
42.474
42.166
42.268
42.272
42.280
42.303
42.326
42.340
42.350
22.891
24.848
24.851
24.859
22.483
22.480
22.496
22.541
36.066
36.015
36.079
36.085
36.065
36.068
36.088
6.881
6.743
29.208
29.269
29.274
29.277
29.279
25.058
25.185
25.169
25.170
25.217
9.703
26.179
26.200
26.205
26.213
26.236
22.483
22.525
22.516
22.487
10.340
10.374
32.770
32.862
32.889
32.869
32.870
32.875
5.136
16.713
16.697
16.625
12.609
12.496
24.076
24.148
24.081
24.001
12.534
12.511
6.790
38.452
38.483
38.508
38.614
38.603
38.599
38.614
12.448
12.525
5.462
28.285
28.237
28.229
28.245
28.247
8.075
43.082
43.139
43.145
43.182
43.206
43.204
43.137
43.137
9.029
23.960
24.028
25.218
25.252
46.099
46.146
45.912
45.917
45.914
46.016
46.063
46.081
39.346
39.467
39.477
39.502
39.518
39.527
39.712
6.889
23.373
23.428
23.426
23.441
13.412
13.133
14.633
14.395
19.905
19.898
19.909
19.914
7.075
15.391
15.512
19.373
24.468
24.521
24.622
24.651
40.294
40.375
40.540
40.387
40.433
40.424
40.466
47.064
47.105
47.115
47.123
47.124
47.162
47.227
47.255
47.263
40.326
40.475
40.478
40.518
40.471
40.494
40.630
32.545
32.587
32.584
32.591
32.609
32.647
5.307
9.895
9.978
8.076
19.830
19.928
19.913
19.884
36.452
36.505
36.601
36.681
11.087
29.706
29.712
29.756
29.766
29.787
34.280
34.281
34.300
34.295
34.286
34.288
42.861
42.911
42.919
42.929
42.843
42.809
42.842
42.922
32.998
33.088
33.110
33.111
33.132
33.167
5.931
12.105
12.122
13.847
13.832
21.727
21.789
20.394
20.379
13.104
13.039
28.021
28.079
28.094
5.449
25.048
25.111
25.098
25.121
20.735
20.853
20.979
41.414
41.398
41.363
41.269
41.181
41.097
41.009
18.641
18.675
18.709
5.638
8.072
31.951
30.475
30.261
30.325
30.406
28.077
28.062
28.007
27.968
39.700
39.725
39.740
39.749
39.759
39.756
39.750
36.829
36.694
36.598
35.722
35.720
35.685
24.808
24.864
25.035
24.930
24.928
6.115
23.634
23.721
23.712
23.753
30.182
30.242
30.238
30.216
30.179
16.712
16.812
16.819
44.810
44.834
44.852
44.870
44.888
44.907
44.953
44.990
45.239
45.299
45.308
45.278
45.250
45.237
45.010
44.931
20.477
20.316
20.335
20.316
28.261
28.295
28.319
28.265
28.285
25.286
28.010
28.234
28.366
5.861
6.809
16.527
16.577
16.349
18.187
18.255
18.277
14.332
14.368
34.333
34.375
34.383
34.366
34.349
34.335
33.039
33.064
33.015
33.006
33.015
33.001
7.576
41.903
41.990
42.042
42.174
42.251
42.284
42.325
42.335
23.101
23.226
23.229
23.239
20.852
22.726
22.742
22.751
5.603
5.392
5.589
6.487
11.079
11.092
37.363
37.426
37.437
37.509
37.536
37.569
37.592
8.011
39.406
39.472
39.482
39.491
39.490
39.478
39.508
24.640
24.562
24.547
24.617
23.697
23.703
23.701
35.356
35.270
35.282
35.292
35.307
35.350
34.878
34.921
34.975
35.007
35.027
35.037
10.454
5.047
10.740
10.778
6.521
25.347
25.391
25.404
25.381
41.282
41.409
41.446
41.450
41.512
41.570
41.632
47.021
47.257
47.193
47.102
47.045
46.998
56.570
56.647
56.656
56.672
56.680
56.709
56.695
56.620
56.625
56.675
28.653
28.723
28.691
28.647
28.520
7.197
30.147
30.204
30.272
30.282
30.287
11.547
11.568
33.451
33.482
33.512
33.530
33.561
33.315
17.747
17.861
17.888
10.280
10.552
48.718
48.546
48.519
48.543
48.537
48.533
48.547
48.516
48.498
15.475
15.508
5.309
11.696
11.645
63.960
64.073
64.099
64.100
64.106
64.114
64.150
64.186
64.214
64.224
64.266
64.255
5.409
14.842
17.207
17.215
128.547
128.655
128.624
128.619
128.632
128.641
128.641
128.623
128.605
128.568
128.562
128.600
128.625
128.684
128.700
128.714
128.795
128.799
128.829
128.843
128.844
128.849
128.917
128.922
128.913
10.315
10.290
5.190
14.200
13.919
61.225
61.237
61.204
61.113
61.053
60.996
60.938
60.773
60.546
60.415
60.376
9.017
10.439
10.154
5.720
27.871
27.975
27.898
27.904
27.900
13.248
13.252
23.799
27.418
27.406
27.396
10.372
10.508
5.309
5.215
23.401
23.504
23.528
23.490
32.427
32.467
32.434
32.433
32.449
32.465
32.282
32.380
32.387
32.393
32.398
32.489
5.229
5.250
5.419
18.759
18.836
18.857
15.284
15.609
15.594
13.288
13.265
6.818
4.973
4.983
5.119
12.293
12.370
5.233
4.611
5.228
5.171
5.340
10.447
10.444
10.316
10.313
4.816
13.666
13.643
11.722
11.676
15.260
15.274
15.313
8.295
10.549
10.579
5.105
4.956
5.495
10.687
10.791
9.974
10.041
5.298
5.570
7.505
5.985
29.129
29.213
29.169
29.158
29.094
20.396
20.392
20.380
20.384
16.927
17.059
17.069
11.638
12.142
11.278
11.209
8.107
5.768
5.545
26.590
26.755
26.768
26.767
22.717
22.776
22.879
22.973
13.912
13.804
5.955
10.486
10.540
12.345
12.364
11.699
11.698
5.048
5.358
10.516
10.488
7.938
48.238
48.311
48.314
48.320
48.309
48.195
48.129
48.006
48.007
8.345
5.542
24.550
24.621
24.565
24.483
4.995
10.635
10.589
7.375
5.244
7.210
28.919
28.955
28.949
28.907
28.907
22.340
22.302
22.306
22.310
13.008
13.036
15.077
15.122
15.314
5.679
8.133
5.668
5.750
5.339
6.144
18.866
19.014
18.985
43.329
43.356
43.338
43.334
43.263
43.245
43.239
43.208
10.479
10.503
5.585
8.129
21.582
21.588
21.626
21.656
6.052
106.808
106.940
106.956
106.933
106.892
106.866
106.749
106.734
106.748
106.753
106.775
106.767
106.761
106.757
106.708
106.704
106.707
106.699
106.492
106.500
37.868
37.709
37.715
37.715
37.722
37.756
37.770
10.075
10.141
6.501
12.015
12.041
11.979
12.138
13.862
13.894
120.126
120.142
120.257
120.258
120.264
120.272
120.266
120.281
120.333
120.346
120.312
120.303
120.293
120.288
120.299
120.323
120.320
120.323
120.323
120.337
120.346
120.243
36.401
36.507
36.521
36.517
36.528
36.540
36.555
20.874
20.890
20.841
20.819
8.659
39.023
39.055
39.056
39.036
39.025
39.037
39.043
34.756
34.713
34.706
34.716
34.715
34.692
52.519
52.474
52.424
52.411
52.407
52.404
52.401
52.394
52.388
5.911
5.602
4.817
5.654
42.370
42.429
42.430
42.435
42.451
42.444
42.433
42.432
34.244
34.311
34.292
34.288
34.294
34.289
50.892
50.968
50.969
50.976
50.975
50.976
50.980
50.983
50.918
20.314
20.340
20.326
20.314
5.651
8.814
7.122
25.978
25.945
28.581
28.578
28.373
20.338
20.366
20.332
20.298
6.417
13.247
13.232
20.365
20.391
20.366
20.361
56.668
56.808
56.806
56.799
56.781
56.784
56.775
56.774
56.782
56.831
32.906
32.983
33.042
33.037
33.044
33.043
15.371
15.412
15.435
29.627
29.744
29.761
29.720
29.718
5.987
20.455
20.419
20.382
59.496
59.514
59.665
59.668
59.612
59.654
59.704
59.683
59.482
59.490
59.503
30.044
30.063
30.073
30.093
30.078
30.593
30.445
30.386
30.370
30.370
42.620
42.632
42.633
42.638
42.643
42.619
42.656
42.672
33.904
33.926
33.947
33.953
33.959
33.977
43.722
43.678
43.670
43.666
43.687
43.683
43.620
43.616
11.732
11.690
33.933
33.956
33.852
33.847
33.878
37.440
39.522
40.351
40.436
40.427
40.430
40.637
40.653
33.834
33.934
33.944
33.881
33.877
33.878
5.304
30.034
30.024
30.020
30.024
30.001
8.129
20.257
20.289
20.275
13.354
13.496
25.922
25.885
25.853
25.837
21.864
21.794
21.774
21.900
18.331
18.377
18.355
39.982
40.014
40.008
40.010
40.060
40.044
40.050
53.456
53.179
53.152
53.155
53.110
53.050
53.050
53.071
53.071
54.239
10.743
44.281
44.303
44.321
44.307
44.322
44.325
44.324
44.308
5.469
11.077
11.167
37.446
37.470
37.452
37.432
37.425
37.423
37.418
10.275
10.331
10.264
10.146
20.432
20.537
20.562
20.574
17.900
17.917
17.895
11.009
10.903
6.642
24.769
24.649
24.651
24.641
16.854
16.834
19.326
5.780
5.582
20.700
20.738
20.751
20.741
11.942
7.486
21.458
21.532
21.544
21.492
15.073
15.065
17.378
17.394
17.203
23.315
23.398
23.402
23.382
20.963
20.997
23.514
23.546
20.883
20.965
20.989
20.978
39.025
38.985
38.994
39.083
39.081
39.104
39.098
47.697
47.757
47.802
47.809
47.815
47.825
47.763
47.727
47.813
23.675
23.801
23.807
23.803
23.373
23.414
23.432
23.086
28.333
25.850
25.917
25.918
48.011
48.317
48.340
48.327
48.313
48.310
48.313
43.770
43.816
43.826
43.832
43.852
43.852
43.860
70.736
70.832
70.905
70.868
70.833
70.829
70.828
70.831
70.853
70.872
70.857
70.876
60.254
60.313
60.345
60.554
60.533
60.531
60.538
60.572
60.566
60.537
60.479
39.309
39.348
39.342
39.058
39.058
39.076
39.104
36.580
36.629
36.853
36.780
36.655
36.497
9.807
25.181
25.116
25.108
25.076
7.620
59.287
59.535
59.640
59.646
59.637
59.644
59.654
59.647
59.599
59.605
9.507
38.244
38.307
38.098
38.037
38.013
38.014
38.007
38.446
38.484
38.487
38.500
38.474
38.467
38.477
27.549
27.925
27.927
27.929
27.949
10.135
10.156
5.880
23.808
23.888
23.851
23.847
7.125
5.345
46.342
46.415
46.431
46.673
46.737
46.790
46.823
40.176
40.154
40.043
39.925
39.817
6.803
42.483
42.608
42.629
42.646
42.652
42.652
42.657
42.686
32.603
32.629
32.644
32.659
32.663
32.654
5.199
34.248
34.395
34.431
35.964
36.001
36.045
27.896
27.905
27.666
27.660
27.666
5.344
23.663
23.746
23.792
23.563
27.659
27.696
27.685
27.688
27.711
29.277
29.365
32.329
32.327
32.301
32.220
11.153
11.117
6.617
7.540
23.763
23.823
23.800
23.710
7.874
28.364
28.428
28.457
28.440
28.456
10.627
10.611
12.135
11.785
28.630
28.637
28.631
28.653
29.007
4.913
18.837
18.898
18.978
13.099
13.055
60.419
60.444
60.371
60.297
60.303
60.305
60.311
60.485
60.396
60.389
60.405
28.601
28.641
28.632
28.629
28.617
22.485
22.470
22.527
36.438
36.451
36.441
36.448
36.426
36.424
27.794
27.940
27.939
27.944
27.958
6.130
14.650
14.659
46.862
46.792
46.810
46.785
46.794
46.833
46.826
46.800
18.700
18.637
66.964
66.977
66.974
66.965
66.965
66.972
66.942
66.919
66.926
66.933
66.930
66.969
46.264
46.278
46.281
46.274
46.272
46.260
46.264
46.265
8.540
5.586
11.207
11.247
6.491
30.534
30.732
30.784
30.761
30.735
50.266
50.227
50.209
50.227
49.970
49.879
49.640
49.633
49.628
27.566
27.532
27.539
27.549
21.948
21.875
21.877
47.525
44.589
44.553
44.546
44.553
44.586
44.575
44.568
8.825
11.329
11.356
18.885
18.888
18.882
5.500
5.125
15.261
15.325
15.310
47.522
47.546
47.498
47.486
47.463
47.248
47.247
47.261
10.731
10.726
14.945
15.042
15.046
8.574
5.772
10.196
10.232
5.701
6.321
9.302
5.557
6.581
11.984
12.005
31.453
31.449
31.485
31.475
31.450
5.824
68.795
68.828
68.857
68.873
68.919
68.978
69.002
69.035
69.075
69.074
69.098
68.984
68.972
68.966
68.988
68.965
68.867
68.836
68.831
68.821
68.815
68.825
68.827
68.825
10.204
15.389
15.388
15.485
13.030
13.070
11.482
11.465
5.884
5.390
5.632
16.668
16.722
16.724
26.632
26.234
26.180
26.131
17.197
17.175
17.170
50.842
50.930
50.901
50.888
50.752
50.742
50.734
50.742
50.755
30.361
30.391
30.255
30.167
30.312
30.093
13.893
13.911
20.995
21.106
21.138
21.142
8.738
11.075
11.065
12.312
12.320
13.830
13.740
20.913
20.885
20.885
20.846
7.295
45.778
45.888
45.823
45.794
45.764
45.775
45.768
45.749
5.754
111.240
121.808
121.897
121.873
121.786
121.846
121.898
121.998
122.078
122.434
24.023
61.934
61.527
61.442
61.347
61.217
61.161
61.116
61.112
61.173
30.914
30.903
30.909
32.717
32.737
32.699
32.673
32.612
32.605
5.439
18.052
18.194
18.293
5.383
6.432
24.436
24.508
24.523
24.536
6.807
5.345
18.742
18.748
18.772
11.141
11.014
6.103
5.686
9.059
14.334
11.435
5.299
5.213
10.490
10.527
8.545
5.502
6.502
6.889
5.149
5.555
13.703
13.709
5.394
5.319
5.558
5.638
8.481
5.846
5.399
11.046
10.791
5.839
10.992
10.985
5.235
5.785
19.689
19.683
19.558
7.020
5.357
34.538
34.569
34.539
34.477
34.465
34.474
24.602
24.379
24.356
24.349
15.064
11.865
5.025
5.899
6.130
6.010
9.198
5.991
5.331
11.272
11.382
34.573
34.526
34.407
34.250
34.171
23.756
23.764
23.793
23.777
10.000
10.039
5.726
5.506
14.254
14.309
15.754
15.797
15.897
6.064
25.805
25.836
25.824
25.551
5.349
11.013
10.960
67.845
67.760
67.762
67.757
67.836
67.840
67.818
67.829
67.827
67.826
67.841
67.831
38.355
38.396
38.453
38.465
38.501
38.498
38.533
6.876
24.588
24.686
24.910
25.604
5.820
24.605
24.577
24.574
24.691
60.330
60.250
60.257
63.308
63.311
63.324
63.328
63.338
63.339
63.336
63.308
22.742
22.126
44.753
44.816
44.863
44.881
44.886
44.998
45.126
45.159
22.499
22.397
25.459
25.402
6.098
20.692
20.723
20.732
20.672
25.841
25.896
25.805
25.782
27.817
27.945
32.045
32.112
9.188
264.488
264.529
263.933
263.869
263.869
263.886
140.659
80.647
172.956
172.862
172.777
172.724
172.610
172.516
172.442
172.354
172.293
172.259
172.177
172.093
172.007
171.861
169.378
169.214
169.133
168.984
168.819
51.185
51.185
51.133
51.084
50.653
50.595
50.556
54.074
6.181
15.841
15.697
15.597
34.890
34.927
34.909
34.911
34.884
34.880
50.322
50.454
50.752
50.885
50.995
51.104
51.298
51.428
10.467
10.192
38.770
38.888
38.835
38.825
6.621
9.485
15.397
15.540
15.515
5.328
5.539
9.134
26.773
26.881
26.940
26.938
26.939
14.778
14.767
6.618
28.437
28.470
28.471
28.461
28.444
20.659
20.855
20.827
20.789
8.749
5.122
5.277
6.472
11.114
11.165
30.013
29.998
29.989
29.969
29.978
7.806
38.558
38.631
38.642
38.640
38.644
38.651
38.622
39.717
39.745
39.756
39.739
39.747
39.739
39.707
14.422
14.401
5.204
5.124
5.875
19.429
19.673
19.674
45.583
45.628
45.765
45.853
45.902
45.973
46.056
71.373
71.325
71.292
71.180
71.137
71.113
71.046
59.409
59.371
59.387
59.409
59.322
59.244
59.122
59.031
48.602
48.627
48.570
48.335
48.327
48.344
48.320
48.325
48.310
5.181
10.287
12.374
11.725
21.358
21.404
21.398
21.596
9.384
11.909
11.908
32.198
32.195
32.142
32.126
32.116
79.759
79.724
79.627
79.561
79.472
79.402
79.299
79.164
79.073
78.909
78.699
78.682
78.639
45.488
45.581
45.771
45.907
45.971
46.010
45.987
27.953
27.953
27.383
27.369
27.313
14.796
14.826
26.665
26.637
26.635
26.634
70.673
70.637
70.638
70.594
70.567
70.557
70.514
70.498
70.627
105.285
105.328
105.327
105.380
105.403
105.383
105.391
105.411
105.416
105.425
105.412
105.404
105.409
105.414
105.421
105.430
105.420
72.812
72.821
72.816
72.832
72.826
72.943
73.041
73.016
73.016
73.017
73.028
73.021
73.025
20.943
20.856
20.700
79.201
79.250
79.118
79.085
79.092
79.059
79.073
79.074
79.077
79.083
78.955
78.895
78.879
78.825
83.734
83.821
83.836
83.952
84.046
84.168
84.278
84.363
84.462
84.585
84.699
84.841
84.760
19.034
19.108
19.103
14.711
14.503
71.542
71.547
71.544
71.548
71.542
71.526
71.519
71.512
71.535
71.509
71.507
71.521
5.534
8.477
68.551
68.539
68.456
68.463
68.504
68.502
68.497
68.530
68.551
68.550
68.527
10.724
24.829
24.876
24.830
24.818
11.128
11.119
10.313
10.357
19.849
19.794
19.760
6.995
35.809
35.877
35.879
35.938
35.935
35.946
23.252
23.340
27.420
27.526
12.395
45.130
45.040
45.043
45.051
45.067
45.097
45.237
55.178
55.239
55.183
55.133
55.037
54.860
54.746
54.440
54.434
83.209
83.270
83.269
83.346
83.364
83.436
83.441
83.464
83.461
83.462
83.435
83.378
83.376
10.726
45.739
45.762
45.765
45.776
45.786
45.787
45.985
46.007
43.948
43.978
44.004
44.059
43.996
43.960
43.962
43.953
5.028
9.222
6.021
7.177
67.432
67.955
67.969
67.965
67.968
67.957
67.961
67.961
67.959
67.926
67.919
67.888
86.542
86.606
89.917
89.884
89.887
89.891
89.903
89.878
89.880
89.893
89.900
89.897
89.917
89.938
89.946
16.338
16.432
16.431
6.159
11.364
10.904
11.001
22.105
22.100
22.080
21.769
21.110
21.075
21.104
6.921
5.842
27.426
27.413
27.466
27.405
20.961
21.047
21.048
81.224
81.200
81.200
81.199
81.248
81.247
81.250
81.267
84.938
84.976
85.009
85.025
85.069
85.055
55.984
55.969
55.913
55.905
55.885
55.903
55.887
54.508
54.456
25.017
25.054
24.978
24.955
24.936
13.748
13.780
5.882
31.416
31.413
31.348
31.353
31.353
35.971
35.983
35.983
35.979
35.996
36.177
16.463
13.048
10.599
10.647
61.540
61.625
61.628
61.590
61.610
61.619
61.626
61.638
61.659
61.686
28.332
28.382
28.353
28.347
28.310
55.245
55.180
55.246
55.322
55.325
55.337
55.333
55.121
55.094
31.269
31.401
31.350
31.307
31.337
31.385
15.461
15.427
16.650
16.675
16.636
60.429
60.449
60.455
60.457
60.866
60.975
61.161
61.169
61.177
61.216
54.878
54.928
54.926
54.923
54.920
54.911
54.912
55.073
55.101
42.526
42.516
42.513
42.540
42.496
42.391
42.404
9.421
16.249
16.427
12.477
12.433
8.085
46.672
46.747
46.740
46.738
46.703
46.720
46.727
46.767
28.739
28.597
28.371
28.353
8.778
27.522
27.510
27.545
27.655
24.563
24.351
24.474
24.463
17.959
17.723
22.682
22.657
22.632
22.615
20.331
20.427
20.450
21.347
21.319
25.028
25.020
31.396
31.384
31.372
31.368
31.372
31.366
17.954
17.914
9.302
37.720
37.732
37.742
37.874
37.909
37.921
46.280
46.342
46.327
46.331
46.320
46.352
46.380
46.390
39.772
39.834
39.845
39.843
39.877
39.824
39.813
16.425
16.497
16.472
15.579
15.528
22.244
22.126
22.053
22.041
17.178
17.188
22.907
22.886
22.923
22.923
43.280
43.312
43.303
43.316
43.111
43.105
43.092
28.621
28.640
27.788
27.527
54.174
54.154
54.155
54.208
54.220
54.214
54.209
34.433
34.435
34.434
34.482
34.500
34.522
29.657
29.747
29.744
29.710
29.708
5.317
16.994
17.060
17.049
45.456
45.484
45.471
45.493
45.487
45.484
45.493
45.503
40.384
40.336
39.888
39.832
39.802
39.795
39.775
13.346
26.717
26.677
26.682
26.687
26.700
14.237
14.498
39.129
39.115
39.063
39.057
39.071
39.063
5.214
5.298
31.067
31.163
31.228
31.211
31.187
16.129
16.155
16.156
19.592
19.653
19.655
25.869
25.842
25.859
25.424
45.379
45.398
45.292
45.282
45.265
45.264
45.299
36.913
36.913
36.927
36.959
36.949
37.010
48.978
49.080
49.053
49.034
49.027
49.017
49.020
49.015
10.996
6.511
36.978
36.901
36.860
36.793
36.778
36.791
22.946
22.981
22.984
23.017
20.655
20.681
20.662
20.130
20.216
20.259
20.271
10.088
92.807
92.781
92.788
92.788
92.802
92.788
92.781
92.794
92.849
92.853
92.878
92.888
92.891
92.889
92.888
92.844
92.875
45.192
45.261
45.055
45.053
45.050
45.052
45.042
45.066
11.179
11.123
39.330
39.472
39.250
39.258
39.277
39.271
39.321
63.836
63.795
63.785
63.781
63.747
63.746
63.737
63.724
63.727
63.730
74.228
74.332
74.340
74.320
74.339
74.425
74.445
74.517
74.559
74.796
74.791
74.805
74.804
39.250
39.251
39.239
39.234
39.249
39.251
39.225
35.882
35.922
35.914
35.905
35.896
35.886
20.655
20.670
20.665
20.659
20.083
20.047
20.036
26.519
26.475
30.422
30.429
30.385
23.900
23.336
23.355
23.409
54.216
54.173
54.238
57.999
58.027
58.074
58.073
58.065
69.872
69.833
69.841
69.770
69.744
69.741
69.736
69.717
69.718
69.700
69.699
65.035
65.055
64.909
64.792
64.779
64.751
63.980
63.953
63.934
63.928
63.898
30.992
31.069
31.107
31.113
31.112
16.217
16.223
20.193
5.932
15.887
15.906
15.900
7.224
10.637
29.340
25.781
25.766
25.754
25.749
45.749
45.839
45.860
45.867
45.842
45.841
45.841
45.844
44.723
44.720
44.699
44.764
44.784
44.806
44.793
44.789
59.198
59.213
59.221
59.215
59.234
59.227
59.226
59.215
59.403
25.767
25.797
25.788
25.803
25.788
30.175
30.217
30.237
30.257
30.277
19.223
19.244
19.238
10.482
10.457
5.736
30.403
30.482
30.465
30.461
30.478
17.850
17.793
17.783
16.661
16.628
11.706
11.708
40.721
40.728
40.748
40.750
40.746
40.759
40.527
31.030
31.072
31.027
31.016
31.029
61.735
61.756
61.751
61.700
61.721
61.655
61.656
61.661
61.660
61.664
61.664
39.394
39.467
39.454
39.451
39.436
39.611
39.612
50.622
50.231
50.203
50.165
50.166
50.187
50.195
50.186
10.691
10.737
47.538
47.486
47.298
47.311
47.269
47.387
47.402
47.370
42.697
42.653
42.644
42.501
42.414
42.394
42.388
15.286
15.376
19.354
13.114
12.718
39.190
39.164
39.157
39.157
39.151
39.140
10.496
10.504
10.714
11.943
5.731
28.373
28.396
28.368
28.372
28.367
48.782
48.769
48.755
48.958
48.924
48.928
48.897
48.900
26.433
26.462
26.478
26.471
37.305
37.220
37.209
37.191
37.231
37.243
41.428
41.471
41.692
41.682
41.693
41.713
41.737
16.573
16.569
16.588
62.092
62.150
62.145
62.177
62.173
62.205
62.208
62.247
62.235
62.332
81.364
81.210
81.118
81.011
80.919
80.991
80.880
80.754
80.410
80.291
60.935
60.938
61.007
61.011
61.005
61.008
60.969
60.965
60.985
60.976
53.840
53.880
53.923
53.916
53.912
53.917
53.912
53.909
53.923
53.935
36.713
36.795
36.798
36.800
36.789
36.797
19.977
19.989
23.968
23.968
35.981
35.977
35.957
35.427
35.404
35.393
35.384
22.585
22.588
22.570
5.188
21.327
21.375
21.364
31.001
31.057
35.183
35.211
35.217
35.211
11.145
11.343
15.819
15.820
15.821
32.190
32.223
32.265
32.297
32.404
8.641
61.730
61.769
61.751
61.773
61.773
61.777
61.780
61.610
61.634
61.712
16.831
17.010
17.084
9.721
47.748
47.689
47.621
47.520
47.325
47.140
47.025
14.176
11.030
11.028
6.175
8.889
98.329
98.469
98.499
98.499
98.324
98.334
98.342
98.319
98.312
98.314
98.321
98.310
98.318
98.302
98.286
98.302
98.313
5.508
43.602
43.630
43.568
43.519
43.433
42.888
42.793
8.955
35.882
35.811
141.574
141.022
140.906
140.109
139.778
139.628
139.516
139.375
139.249
139.133
138.995
138.866
138.656
138.495
138.645
138.532
138.420
138.283
41.575
41.619
41.618
41.616
41.548
41.498
41.480
17.074
17.115
17.068
16.542
16.453
87.011
87.088
87.069
87.004
86.995
86.973
86.968
86.909
86.884
86.883
86.881
86.874
86.834
86.848
86.837
57.290
57.033
55.339
55.319
55.326
55.333
55.342
55.405
55.401
55.398
19.114
19.177
21.032
21.041
21.020
21.016
55.846
55.847
55.846
55.837
55.843
55.659
55.673
55.631
55.565
68.055
68.154
68.118
68.132
68.134
68.106
68.098
68.090
68.089
68.107
68.069
68.041
24.645
24.705
24.712
24.705
5.418
27.068
27.144
27.162
27.175
22.983
22.956
23.006
23.040
16.239
16.111
6.554
17.168
17.231
17.138
74.206
74.340
74.520
74.481
74.354
74.255
74.279
74.269
74.262
72.434
72.416
72.395
64.835
64.854
64.840
64.848
64.834
64.830
64.829
64.822
64.821
64.821
64.821
11.216
11.169
25.781
25.863
25.848
25.840
6.060
6.170
23.099
23.147
23.226
56.744
56.843
56.409
56.145
56.034
55.914
147.909
148.003
148.020
148.009
148.018
148.174
148.179
148.181
148.199
148.140
148.098
148.087
148.089
148.037
148.038
148.038
147.991
147.983
40.651
40.673
40.686
40.638
40.641
40.695
40.682
20.262
20.337
20.386
20.406
16.040
90.301
90.183
90.061
89.937
89.781
89.295
89.056
88.931
88.794
88.688
88.548
88.421
88.307
88.170
23.119
23.056
23.093
73.077
73.068
73.074
73.251
73.274
73.305
73.192
73.221
73.221
73.226
73.231
73.220
5.839
11.585
11.270
31.930
31.991
31.934
31.938
31.876
57.052
57.052
57.080
57.077
57.078
57.084
57.094
57.091
57.108
57.131
76.268
76.308
76.329
76.344
76.325
76.305
76.284
76.286
76.292
76.289
76.271
76.266
76.270
40.534
40.602
40.605
40.608
40.598
40.606
40.614
27.155
27.167
27.210
27.227
7.878
31.591
31.580
31.580
31.534
31.491
41.939
41.791
41.788
41.769
41.870
41.855
41.852
37.358
37.375
37.326
37.316
37.330
37.313
66.793
66.853
66.876
66.877
66.660
66.661
66.651
66.683
66.702
66.712
66.710
66.672
30.676
30.696
30.703
30.953
30.968
44.053
44.098
44.101
44.067
44.132
44.137
44.142
39.832
39.894
39.961
39.966
40.001
40.139
17.967
17.185
22.194
46.287
46.169
46.145
46.146
46.165
46.186
46.174
46.146
19.333
19.215
19.130
21.449
21.478
21.485
41.098
41.111
41.113
41.062
41.048
41.047
41.026
50.114
50.082
50.052
50.041
50.033
50.013
50.033
49.848
49.806
64.653
64.695
64.537
64.434
64.431
64.378
64.379
64.402
64.357
64.334
64.274
68.945
68.879
68.824
68.723
68.658
68.613
68.561
68.495
68.431
68.378
49.131
49.133
49.133
49.141
49.181
49.146
49.163
49.210
49.208
50.993
50.872
50.895
50.894
50.914
50.837
50.798
50.817
50.878
16.335
16.346
57.312
57.352
57.402
57.525
57.574
57.723
57.775
57.806
57.854
57.861
61.051
61.090
61.111
61.066
60.929
60.926
61.046
61.104
61.116
67.586
67.643
67.669
67.665
67.594
67.615
67.636
67.667
67.736
67.789
67.869
72.351
72.293
72.185
72.104
72.013
71.916
71.838
71.786
71.934
71.848
55.627
55.628
55.632
55.631
55.627
55.741
55.810
55.835
55.841
60.053
60.056
60.054
60.056
60.036
59.873
59.810
59.821
59.809
59.806
59.795
5.394
26.433
26.374
26.364
26.410
26.421
17.854
17.788
16.126
11.587
5.085
36.430
36.433
36.478
36.467
36.329
36.324
12.435
12.352
69.704
69.693
69.423
69.427
69.557
69.542
69.487
69.483
69.461
69.423
69.402
10.067
57.240
57.315
57.278
57.248
57.209
57.205
57.238
57.065
57.079
57.082
50.566
50.641
50.676
50.669
50.709
50.717
50.716
50.647
5.831
5.471
37.684
37.694
37.444
37.372
37.378
37.306
17.744
17.969
18.157
12.001
32.228
32.257
37.216
37.271
37.275
37.278
27.101
27.110
27.133
27.126
27.110
50.092
50.138
50.144
50.158
50.154
50.160
50.165
50.219
50.227
11.069
42.091
42.036
42.044
42.068
42.092
42.069
42.072
13.071
12.944
5.193
10.938
10.943
7.140
32.850
32.928
32.919
32.927
32.897
27.095
27.220
26.922
26.910
31.796
31.765
31.694
31.713
31.712
8.283
77.285
77.319
77.292
77.172
77.183
77.155
77.169
77.162
77.158
77.165
77.201
77.208
77.204
5.587
6.095
34.280
34.636
34.698
34.782
13.572
13.547
5.028
5.670
10.358
6.059
6.992
10.989
10.983
5.976
76.539
76.619
76.570
76.557
76.504
76.438
76.390
76.397
76.381
76.391
76.396
76.381
76.365
76.358
109.338
109.558
109.585
109.644
109.679
109.707
109.994
110.031
110.027
110.061
110.226
110.235
110.254
10.097
26.964
85.460
84.207
84.123
84.035
83.964
83.943
83.912
83.915
83.909
83.902
83.912
84.027
84.024
84.023
84.017
76.632
76.857
76.830
76.829
76.814
77.179
77.190
77.204
77.230
77.148
77.180
77.190
77.180
77.188
6.121
5.824
38.948
39.022
38.814
38.813
38.849
38.874
38.888
14.904
14.882
29.316
29.404
29.392
29.388
29.392
84.258
84.366
84.378
84.382
84.616
84.658
84.465
84.508
84.534
84.537
84.546
84.610
84.635
84.654
84.661
5.537
9.575
25.579
25.577
25.344
25.734
51.383
51.426
51.412
51.379
51.355
51.348
51.344
51.370
51.435
26.679
26.781
26.717
26.702
26.691
9.790
57.634
55.995
55.976
55.990
55.884
55.893
55.905
55.914
55.880
55.884
30.971
31.158
31.244
31.370
31.458
6.749
17.692
17.710
17.702
29.807
29.670
29.668
29.666
29.628
35.833
35.795
35.813
35.833
35.848
35.865
22.490
24.232
24.253
24.252
63.888
63.931
63.944
63.951
64.009
63.995
64.007
64.017
64.009
64.038
64.048
64.062
53.147
53.256
53.306
54.425
54.317
53.648
53.645
53.587
22.584
22.679
22.686
22.706
