41.888
96.487
97.125
96.617
96.174
95.826
95.254
94.982
94.557
69.108
68.589
68.421
68.193
68.022
67.914
67.711
146.098
144.669
144.524
145.871
145.536
145.406
145.809
145.672
145.525
145.427
145.068
143.862
143.684
143.585
143.435
143.253
141.257
140.842
140.798
140.633
140.378
140.213
140.101
140.153
89.877
90.268
90.245
89.391
89.367
89.737
89.737
89.698
89.411
89.388
89.382
89.388
90.131
90.150
90.205
90.226
8.782
103.909
103.917
103.910
103.901
103.862
103.479
103.443
103.424
104.538
106.468
106.414
106.390
106.335
106.318
106.227
106.127
106.678
38.669
38.816
38.810
38.845
94.150
92.040
92.052
92.021
92.003
91.993
92.047
92.057
92.051
92.000
92.208
92.199
92.189
92.220
92.236
92.201
26.427
25.733
25.757
25.858
13.159
78.258
78.312
78.302
78.278
78.267
78.272
78.259
78.257
78.297
78.333
78.585
78.593
78.599
78.594
78.581
10.828
11.343
87.473
87.470
80.292
80.200
80.355
80.341
80.304
80.284
80.263
80.297
92.789
92.701
92.628
91.457
90.372
85.508
84.149
84.056
84.030
10.400
10.456
6.795
11.205
11.171
29.433
29.452
29.438
29.446
29.424
45.996
46.056
46.031
46.022
46.022
46.008
46.076
46.151
46.169
11.370
11.252
95.804
95.621
95.410
95.398
95.397
95.386
95.381
95.289
95.110
95.104
95.150
92.981
92.936
92.878
92.871
92.813
92.798
28.554
28.622
28.613
79.936
79.977
79.958
77.560
77.436
77.419
77.348
77.331
77.297
77.242
77.151
77.132
77.120
77.118
77.107
5.618
12.544
72.162
72.251
72.212
72.183
72.126
72.187
72.238
72.294
72.373
70.264
70.100
70.150
70.174
70.146
5.017
5.298
25.809
25.787
25.510
25.509
25.452
17.516
17.521
42.329
42.395
42.390
42.391
42.369
42.389
42.396
40.488
5.083
12.548
12.273
15.734
15.766
15.728
12.191
12.184
6.691
36.013
35.933
35.878
35.972
35.898
35.915
35.881
8.259
7.354
4.841
6.114
5.303
6.269
11.504
11.543
6.184
9.801
9.821
5.924
5.527
16.574
16.766
16.741
11.306
10.683
6.073
9.647
10.353
6.176
8.704
16.163
16.291
16.188
5.351
5.830
9.813
9.809
11.148
10.971
15.973
15.994
16.198
6.240
23.513
23.614
23.721
23.726
16.368
16.399
16.364
10.951
10.528
7.579
7.679
9.640
9.724
10.047
10.114
10.955
10.985
56.824
57.228
57.061
56.915
56.946
56.986
57.014
56.969
57.064
13.463
64.289
64.252
64.186
64.180
64.195
64.186
64.190
64.181
64.173
64.006
64.073
64.094
31.243
31.253
31.226
31.220
31.221
31.291
31.319
31.319
31.358
31.361
31.427
56.982
57.092
57.096
57.080
57.033
57.217
57.222
59.089
59.242
59.279
10.537
10.536
51.470
51.402
51.390
51.402
51.358
51.336
51.301
51.268
51.261
51.254
9.702
48.544
48.564
48.572
48.572
48.560
48.549
48.545
48.561
48.565
48.554
71.626
71.818
71.792
71.670
71.600
71.688
71.760
71.779
71.758
71.902
72.005
71.993
72.015
113.605
113.566
113.651
113.650
113.647
113.605
113.598
113.493
113.486
113.461
116.499
173.379
173.283
173.216
173.082
172.971
172.804
172.697
169.783
170.319
170.221
177.557
156.593
156.469
156.389
156.337
156.195
156.122
155.599
155.499
155.425
155.310
155.238
155.138
155.043
62.547
66.061
66.075
66.091
68.355
68.806
68.871
68.860
68.875
68.881
68.916
68.926
5.904
10.770
10.721
10.356
83.883
84.058
84.075
84.039
84.040
84.050
84.095
84.123
84.134
84.193
84.197
84.209
84.223
84.240
83.998
88.909
88.895
88.838
88.815
88.796
88.546
88.560
88.552
88.517
88.508
88.516
88.516
88.486
88.480
88.493
88.424
88.289
11.444
15.971
16.122
16.138
5.595
24.064
24.196
24.207
24.196
27.618
27.605
27.588
27.559
27.503
25.659
25.698
25.710
25.707
51.078
51.041
51.024
50.836
50.853
50.840
50.807
50.842
50.866
11.367
11.379
5.154
10.116
10.205
5.029
6.188
7.002
6.865
6.609
10.449
10.466
15.884
15.923
15.878
5.566
10.848
10.877
18.297
18.303
18.267
28.195
28.192
28.216
28.310
58.305
58.294
58.301
58.296
58.178
58.140
58.141
58.121
58.148
118.765
118.793
118.790
118.787
118.804
118.813
118.858
118.868
118.860
118.879
118.889
118.863
118.880
118.898
118.955
118.987
119.002
119.017
119.018
119.030
119.028
119.023
85.632
85.745
85.726
85.723
85.736
85.983
85.984
85.939
85.920
85.924
85.924
85.947
85.939
85.966
85.976
86.061
86.064
12.014
11.995
6.607
42.607
42.626
43.438
43.441
43.401
43.283
43.313
43.353
20.507
20.420
20.399
26.199
25.815
25.849
25.821
25.535
25.517
25.572
25.563
102.385
102.375
102.367
102.425
102.651
102.695
102.684
102.696
102.721
102.754
102.757
102.725
102.783
102.782
102.795
102.849
102.860
102.876
102.911
95.698
95.712
95.687
95.665
95.671
95.673
95.685
95.692
95.718
95.716
95.736
95.754
95.771
95.782
95.786
95.807
95.821
95.795
97.494
8.145
24.592
24.528
24.622
24.716
10.737
64.491
64.622
64.636
64.644
64.647
64.643
64.547
64.478
64.479
64.469
64.464
64.470
64.527
6.418
35.727
35.765
35.636
35.647
35.680
35.694
35.681
83.824
83.829
83.823
83.844
83.846
83.844
83.843
83.844
83.945
83.945
83.946
83.960
83.818
83.821
83.791
83.801
8.263
71.029
71.171
71.159
71.195
71.203
71.189
71.192
71.176
71.154
71.107
71.121
71.140
71.160
71.205
43.029
42.944
42.801
42.722
42.677
42.593
42.508
42.448
16.655
16.652
16.722
7.233
51.963
52.052
52.051
52.081
52.272
52.368
52.404
52.422
52.450
18.350
18.383
18.386
18.010
17.936
17.922
34.688
37.898
37.902
37.924
37.943
37.945
42.495
42.442
42.450
42.462
42.462
42.472
42.476
52.033
52.329
52.299
52.318
52.348
52.314
52.279
52.287
52.281
52.286
26.782
26.744
26.754
26.737
14.469
14.320
50.255
50.279
50.296
50.326
50.356
50.176
50.182
50.161
50.314
30.151
30.145
29.248
29.258
29.280
10.977
33.340
33.378
33.371
33.343
33.358
33.362
19.583
18.230
18.260
76.789
76.911
76.993
77.032
77.112
77.145
77.162
77.192
77.210
77.215
77.233
77.243
77.217
77.208
90.758
90.874
90.924
90.936
90.887
90.817
90.687
90.600
90.595
90.572
90.557
90.555
90.619
90.612
90.621
90.665
90.754
53.184
53.371
61.916
62.009
61.995
61.971
62.073
62.136
62.175
74.810
74.834
74.771
74.649
74.629
74.613
74.606
74.632
74.600
74.582
74.577
74.594
74.602
74.562
87.868
87.945
87.937
87.948
87.949
87.948
87.947
87.954
87.959
87.964
87.966
87.957
87.989
87.992
88.022
86.487
46.371
46.206
46.237
46.230
46.218
46.213
46.248
46.281
46.293
75.709
75.737
75.649
75.642
75.631
75.650
75.836
75.820
75.824
75.734
75.738
75.815
75.804
75.811
77.225
77.253
77.203
77.226
77.208
77.196
77.194
77.202
77.180
77.149
77.145
77.156
77.160
77.174
77.180
40.080
40.075
40.070
39.977
39.980
39.973
39.965
39.956
12.076
12.045
26.850
26.822
26.817
26.804
26.773
9.556
15.889
15.878
15.885
11.561
11.515
6.408
48.443
48.379
48.376
48.003
47.953
47.956
47.943
47.947
47.940
35.475
35.439
35.424
35.407
35.406
35.576
86.464
86.490
86.498
86.412
86.340
86.340
86.374
86.421
86.427
86.448
86.466
86.489
86.525
86.522
86.524
86.552
12.874
13.389
13.393
22.417
21.175
21.173
45.089
45.141
45.151
45.155
45.167
45.213
45.223
45.318
35.768
35.766
35.771
35.765
35.685
35.669
10.109
10.088
11.931
11.929
75.186
75.187
75.223
75.305
75.391
75.459
75.573
75.681
75.791
75.856
75.940
75.987
76.046
76.115
17.947
17.791
76.579
76.641
76.666
76.708
76.724
76.758
76.755
76.738
76.141
76.129
76.125
76.127
76.137
76.115
6.589
32.158
32.202
32.194
32.161
32.167
32.155
70.694
70.657
70.675
70.678
70.715
70.718
70.679
70.680
70.736
70.755
70.783
70.802
70.804
20.293
20.275
20.263
20.269
85.046
86.255
86.281
86.313
86.287
86.299
86.304
86.337
86.321
86.331
86.338
86.327
86.349
86.364
86.385
86.375
32.747
32.861
32.922
32.909
32.919
32.973
97.680
97.672
97.653
97.667
97.701
97.720
97.706
97.618
97.611
97.619
97.672
97.704
97.677
97.617
97.582
97.611
97.604
56.064
56.061
56.058
56.062
56.066
56.076
56.120
56.161
56.151
56.153
70.488
70.487
70.546
70.562
70.562
70.499
70.513
70.537
70.535
70.517
70.210
70.173
10.838
10.830
48.061
48.045
48.035
48.059
48.067
48.033
47.492
47.456
46.628
46.657
46.675
46.698
46.692
46.742
46.725
46.733
55.853
55.873
55.873
55.923
55.962
55.952
55.964
55.967
55.933
55.889
78.544
78.499
78.552
78.666
78.780
78.904
79.024
79.107
79.221
79.331
79.447
79.560
79.477
79.570
84.509
84.483
84.428
84.326
84.271
84.185
84.154
84.050
83.965
83.889
83.827
83.979
83.912
83.859
83.871
83.256
54.555
54.706
54.724
54.720
54.732
54.739
54.735
54.788
54.890
54.900
70.021
70.052
70.056
70.015
69.899
69.860
69.846
69.835
69.845
69.852
69.851
69.869
69.866
82.409
83.692
83.693
83.676
83.698
83.718
83.797
83.840
83.879
83.913
83.949
83.984
83.996
84.005
84.013
84.006
52.941
52.983
52.940
53.065
53.022
53.017
53.031
53.028
53.055
53.013
67.699
67.809
67.782
67.631
67.474
67.468
67.630
67.716
67.697
67.699
67.653
67.462
67.587
73.308
73.288
73.237
73.201
73.180
73.196
77.070
77.140
77.142
77.115
77.134
77.138
77.148
48.319
48.359
48.361
48.370
48.368
48.374
48.382
48.388
48.390
20.526
22.585
22.620
22.667
16.396
16.386
16.741
19.178
19.168
19.165
13.359
13.358
21.216
21.248
21.250
21.249
50.960
51.027
51.036
51.033
51.048
51.054
51.074
51.081
51.077
33.465
33.456
33.435
33.431
33.433
33.362
81.829
81.849
81.852
81.823
81.812
81.862
81.825
81.775
81.788
81.798
81.801
81.776
81.832
81.840
81.894
87.007
86.923
86.826
86.765
86.723
86.742
86.722
86.788
86.848
86.903
86.934
86.960
86.996
87.008
87.019
86.997
87.022
37.733
37.830
37.773
37.770
37.770
37.743
37.751
76.626
75.759
75.677
75.576
75.407
75.343
75.067
74.974
74.913
74.770
74.599
74.522
74.444
74.442
94.766
94.852
94.872
94.878
94.915
94.882
94.924
94.929
94.885
94.862
94.866
94.861
94.832
94.825
94.825
94.835
94.841
94.811
41.011
41.035
41.031
41.016
41.014
41.000
40.999
40.974
77.707
77.764
77.759
77.719
77.725
77.712
77.544
77.518
77.504
77.502
77.514
77.542
77.539
77.531
38.128
37.978
37.891
37.863
37.860
37.881
37.878
11.984
97.205
98.702
98.706
98.742
98.771
98.771
98.809
98.808
98.818
98.824
98.837
98.845
98.845
98.850
98.863
98.866
98.859
98.895
73.274
73.243
73.256
73.265
73.271
73.275
73.199
73.071
73.037
73.021
72.997
72.942
72.924
72.939
46.893
46.929
46.969
46.994
47.044
47.050
47.079
47.089
79.692
79.890
79.991
80.091
80.164
80.253
80.339
80.406
80.357
80.398
80.473
268.807
268.662
268.541
268.420
268.294
268.192
268.083
268.006
267.944
267.877
267.819
267.680
244.974
244.606
244.692
244.560
244.444
245.737
245.569
245.453
245.325
103.921
103.968
103.965
103.962
103.963
103.970
103.984
103.991
103.989
104.020
104.017
104.025
104.026
104.031
103.884
103.905
103.912
103.951
103.981
21.337
21.374
21.383
21.331
9.810
89.561
89.747
89.773
89.744
89.622
89.507
89.373
89.266
89.219
89.246
89.195
89.037
89.044
88.914
88.893
88.901
87.189
87.306
87.345
87.311
87.227
87.231
87.232
87.241
87.245
87.220
87.230
87.227
87.225
87.277
87.459
87.488
12.963
37.283
37.334
37.334
37.290
37.287
37.249
37.296
86.967
87.017
86.994
86.915
86.965
86.971
87.013
87.064
87.089
87.161
87.196
87.192
87.201
87.209
87.210
87.230
84.198
85.785
85.826
85.840
85.859
85.911
85.918
85.901
85.901
85.903
85.900
85.872
85.886
85.903
85.905
85.930
34.070
34.059
34.031
34.144
34.224
34.218
34.241
85.456
85.462
85.464
85.416
85.386
85.401
85.407
85.405
85.418
85.416
85.299
85.315
85.586
85.584
85.587
85.602
84.989
85.008
84.982
84.974
84.978
84.986
84.978
84.977
84.978
84.979
84.987
85.086
85.085
85.085
84.944
84.964
38.411
38.437
38.442
38.440
38.443
39.861
39.899
49.687
49.657
49.518
49.647
49.617
49.625
49.639
49.650
49.647
41.075
41.039
40.968
40.906
40.902
40.915
40.913
88.402
90.158
90.179
90.185
90.159
90.172
90.211
90.204
90.210
90.196
90.216
90.214
90.195
90.266
90.233
93.881
93.868
84.345
84.377
84.375
84.372
84.361
84.361
84.372
84.344
84.339
84.339
84.337
84.343
84.361
84.223
84.220
84.219
35.490
35.510
35.525
35.527
35.528
35.529
35.530
35.441
35.450
35.430
35.423
35.420
35.457
8.079
52.087
52.095
52.124
52.122
52.087
52.081
52.078
52.083
52.077
52.079
81.518
83.228
83.221
83.223
83.226
83.227
83.092
83.076
83.077
83.093
83.079
83.084
83.084
83.093
83.105
83.099
70.571
70.701
70.846
70.871
70.869
70.871
70.854
70.827
71.070
71.077
71.044
71.049
70.961
70.960
53.446
53.480
53.857
53.865
53.862
53.870
53.792
52.503
52.615
52.653
47.290
47.360
47.363
47.377
47.378
47.394
47.404
47.401
47.392
37.359
37.435
37.461
37.460
37.481
37.498
37.499
51.879
51.928
51.925
51.905
51.880
52.022
52.092
52.096
52.094
53.355
53.386
53.382
53.301
53.285
53.288
53.256
53.284
53.518
53.520
65.042
65.036
65.034
64.938
64.857
64.874
64.874
65.188
65.194
65.174
64.877
64.827
19.567
19.567
19.467
41.798
41.820
41.804
41.831
41.810
41.767
41.760
41.752
35.385
35.488
35.498
35.517
35.509
35.458
35.471
13.675
13.542
9.171
18.885
18.939
18.876
16.657
16.325
72.559
72.563
72.551
71.446
71.451
71.457
71.438
71.446
71.460
71.442
71.467
71.491
90.884
92.677
92.699
92.706
92.705
92.719
92.724
92.728
92.776
92.768
92.797
92.810
92.790
92.789
92.787
92.791
92.796
64.547
64.569
64.550
64.482
64.548
10.162
7.572
15.572
15.604
15.611
10.669
10.692
5.614
8.517
15.236
15.298
15.322
5.020
5.152
7.580
5.761
10.717
10.726
5.874
8.294
5.508
5.402
4.879
9.548
9.780
5.656
5.510
9.916
9.670
10.432
10.305
5.309
5.668
5.594
10.410
10.498
5.779
5.595
7.688
5.149
8.790
6.810
11.142
11.225
8.151
5.510
17.602
17.775
17.781
5.398
7.402
5.234
5.266
5.272
5.380
5.033
7.568
10.481
10.515
5.964
5.727
5.061
13.123
12.191
6.045
5.350
4.930
12.740
12.888
5.665
5.389
10.305
10.280
5.316
12.353
12.426
5.384
10.884
10.829
5.361
10.782
10.941
5.005
5.377
5.528
5.410
7.652
4.998
5.206
5.592
5.055
4.819
8.001
5.579
9.679
9.125
9.361
10.903
13.735
20.789
20.858
13.841
10.047
10.838
11.916
25.276
24.903
16.366
79.173
78.953
78.906
78.920
78.899
78.852
78.764
78.529
78.422
78.337
96.828
96.886
96.894
96.902
96.966
97.057
97.096
97.142
97.176
97.251
97.281
97.306
97.319
98.044
98.141
98.166
97.824
109.434
109.515
109.550
109.618
109.668
109.687
109.728
109.760
109.750
109.768
109.980
110.077
110.106
110.132
110.166
110.207
110.283
110.542
110.661
110.491
15.354
15.483
15.287
5.883
17.687
17.765
17.789
40.653
40.731
40.743
40.739
40.545
40.523
40.516
44.833
44.832
44.832
48.487
48.353
8.963
9.245
48.030
47.946
48.014
48.007
48.200
48.169
48.150
48.133
110.912
113.104
113.138
113.138
113.169
113.201
113.165
113.130
113.128
113.199
113.207
113.183
113.183
113.255
113.270
113.277
113.298
111.490
111.558
111.500
115.082
115.079
115.104
115.375
115.394
115.404
115.446
115.445
115.446
115.505
115.517
115.554
115.570
115.571
115.582
115.552
115.546
115.541
19.002
5.551
19.983
20.036
19.924
19.845
48.746
48.738
48.611
48.614
48.615
48.611
48.680
48.654
10.556
10.674
15.345
15.358
15.380
32.362
32.105
31.996
31.771
80.717
80.663
80.675
80.684
80.237
80.238
80.261
80.175
80.162
80.191
80.200
80.190
80.199
80.223
39.349
39.334
39.300
39.273
39.299
39.379
77.561
77.544
77.565
77.592
77.381
77.416
77.422
77.365
77.362
77.373
77.350
77.295
77.295
77.211
10.795
11.579
11.625
75.173
75.231
75.234
75.456
75.481
76.074
76.299
78.054
78.039
78.035
78.044
78.042
78.049
15.599
34.893
34.901
34.888
34.702
34.710
34.717
97.409
97.523
97.536
97.564
97.561
97.544
97.464
97.459
97.429
97.424
97.420
97.418
97.382
97.354
97.313
97.264
97.222
89.470
89.414
89.374
89.362
89.364
89.361
89.357
89.362
89.333
89.315
89.318
89.322
89.171
89.108
12.884
29.694
29.543
29.604
29.659
29.694
17.159
14.764
82.998
83.029
82.897
82.895
82.898
82.928
83.144
83.193
83.196
83.231
83.233
83.216
83.239
83.218
83.250
106.043
105.963
105.916
105.870
105.823
105.804
105.810
105.824
105.848
105.777
105.788
105.781
105.771
105.771
105.653
105.685
105.785
105.796
105.582
105.584
14.296
22.890
22.914
22.910
22.901
86.522
86.534
88.800
88.781
88.886
88.948
88.969
88.996
89.030
89.086
89.078
89.114
89.140
89.197
89.238
150.408
150.488
150.527
150.526
150.518
150.514
150.471
150.461
150.454
150.445
150.438
150.408
150.407
150.393
150.394
150.397
150.395
150.386
150.345
150.290
150.290
150.288
150.281
150.280
150.204
81.736
81.435
81.445
81.440
81.416
81.431
81.441
81.442
81.433
81.467
81.472
81.441
81.437
81.426
81.424
5.076
5.809
35.646
35.688
35.726
35.683
36.090
36.064
91.862
91.879
94.197
94.173
94.094
94.025
94.018
93.999
94.038
94.070
94.030
93.987
93.961
93.955
93.890
93.607
93.598
94.948
95.049
95.054
95.075
95.078
95.092
94.963
94.968
94.941
94.955
95.000
95.005
95.009
95.005
94.985
94.978
94.984
18.047
17.589
17.565
36.669
36.749
36.755
36.762
36.681
36.643
77.781
77.882
77.916
77.896
77.856
77.843
77.837
77.799
77.786
77.760
77.749
77.746
77.735
77.736
107.863
107.937
107.956
107.979
107.785
107.777
107.746
107.755
107.773
107.800
107.793
107.790
107.799
107.809
107.811
107.810
107.807
107.804
107.817
107.871
107.961
108.038
108.060
108.043
108.016
108.014
108.011
108.007
107.974
107.997
108.002
107.995
108.000
107.993
107.997
108.016
108.015
108.059
108.103
108.115
5.583
22.560
22.669
22.632
89.446
89.462
91.750
91.780
91.716
91.730
91.727
91.727
91.738
91.740
91.712
91.732
91.769
91.771
91.745
91.718
5.254
68.153
68.196
68.194
68.200
68.143
68.146
68.141
68.125
68.122
68.127
68.152
68.153
68.152
34.852
34.867
34.864
34.834
34.835
34.864
27.108
27.166
27.138
27.127
92.259
92.456
92.454
92.458
92.457
92.208
92.119
92.142
91.827
91.725
91.706
91.725
95.355
95.392
95.364
95.328
95.358
104.489
104.544
104.523
104.496
104.492
104.483
104.501
104.587
104.701
104.685
104.662
104.650
104.640
104.649
104.701
104.938
104.941
104.900
104.903
112.993
113.015
113.001
113.015
113.004
113.040
113.031
113.009
112.998
112.996
112.949
112.969
112.981
112.960
112.954
112.955
112.950
112.973
112.974
112.982
112.984
122.523
122.684
123.825
123.833
123.841
123.912
123.919
123.929
123.957
123.959
123.968
123.957
123.955
123.950
123.936
123.938
123.899
123.871
123.854
25.499
25.551
25.605
25.602
8.687
103.207
103.331
105.885
105.911
105.913
105.879
105.882
105.886
105.872
105.881
105.896
105.846
105.794
105.786
105.828
105.826
5.661
6.057
19.629
19.612
19.633
12.744
93.524
91.022
91.086
91.081
91.169
91.194
91.231
91.223
91.224
91.273
91.259
91.282
91.276
91.329
91.374
91.399
120.738
120.809
120.873
120.906
120.895
120.884
120.911
120.918
120.946
120.875
120.891
120.930
120.941
120.938
120.954
120.980
120.939
120.927
120.933
121.036
121.120
121.144
60.207
60.185
60.211
60.244
60.249
60.041
60.005
60.006
60.000
59.994
59.966
28.815
28.530
28.551
28.534
6.650
5.663
5.054
8.758
11.181
11.167
75.975
75.823
75.858
75.855
75.829
75.835
75.806
75.779
75.676
75.619
75.641
75.401
75.352
40.497
40.317
40.289
40.287
40.331
40.343
114.534
114.799
114.804
114.772
114.784
114.778
114.777
114.775
114.734
114.743
114.745
114.706
114.718
114.752
114.767
114.785
114.797
114.810
114.824
114.859
114.861
104.058
104.136
104.143
103.991
103.961
103.941
103.936
103.961
104.041
104.044
104.053
104.043
104.031
104.011
103.961
103.942
104.148
104.151
104.151
28.882
28.937
28.911
28.924
28.947
8.842
9.419
78.885
78.909
78.834
78.771
78.770
78.789
78.683
78.666
78.468
78.425
78.361
78.265
78.283
78.319
13.095
13.172
39.639
39.672
39.675
39.636
39.620
39.637
39.641
86.353
86.290
86.256
86.211
86.084
86.046
86.002
86.012
85.993
85.952
85.941
85.936
85.913
85.896
85.841
85.567
12.274
89.288
89.331
89.320
89.305
89.319
89.306
89.305
89.303
89.257
89.223
89.203
89.175
89.177
89.171
89.176
89.178
40.405
40.472
40.490
40.489
40.492
42.113
42.235
93.626
93.692
93.659
93.644
93.570
93.590
93.618
93.611
93.623
93.627
93.627
93.627
93.559
93.549
93.506
93.504
93.493
92.583
92.498
92.492
92.489
92.467
92.473
92.491
92.486
92.490
92.511
92.537
92.395
92.314
92.307
92.340
92.341
92.316
13.675
73.515
73.489
73.484
73.497
73.471
73.453
73.460
73.463
73.509
73.900
73.907
73.886
73.875
49.510
49.527
49.514
49.494
49.490
49.464
49.463
49.451
49.441
67.930
67.933
67.924
67.970
68.031
68.118
68.172
68.254
68.339
68.436
68.297
68.224
28.974
29.012
29.031
29.030
11.760
11.697
4.877
17.598
17.512
57.154
57.139
57.120
57.137
57.165
57.188
57.112
56.988
56.992
57.024
65.668
65.669
65.686
65.722
65.756
65.782
65.822
65.818
65.814
65.832
65.815
65.830
126.683
126.777
126.845
126.838
126.944
126.997
127.118
127.234
127.329
127.431
127.538
127.607
127.692
126.822
133.217
133.586
133.678
133.820
179.640
179.506
182.182
182.071
181.962
181.758
181.648
181.969
181.882
181.749
181.660
181.557
181.399
181.343
181.230
181.124
36.551
36.561
36.571
36.578
36.581
36.565
105.370
105.375
105.342
105.359
105.336
105.321
105.351
105.429
105.438
105.435
105.426
105.424
105.427
105.443
105.451
105.439
105.451
105.483
20.183
20.183
20.179
20.193
18.406
18.371
91.881
91.928
91.964
91.997
92.019
92.045
92.082
92.091
92.117
92.138
92.167
92.185
92.206
92.236
92.255
92.315
119.002
118.989
118.988
118.977
118.976
118.978
118.965
118.932
118.927
118.967
118.982
118.992
118.990
118.999
119.004
119.008
119.002
118.947
118.964
119.190
119.201
14.302
24.576
24.333
24.309
24.318
76.957
77.060
77.083
77.112
77.112
77.102
77.098
77.132
77.108
77.102
77.123
77.151
77.161
77.182
11.245
23.057
22.992
22.996
23.010
40.367
40.123
40.180
40.202
40.241
91.009
91.009
91.086
91.073
91.067
91.054
91.049
91.041
91.028
90.993
90.957
90.963
90.962
90.958
90.933
90.912
111.690
111.898
111.904
111.889
111.900
111.906
111.930
111.909
111.903
112.010
112.033
112.036
112.035
112.008
111.970
111.974
111.975
111.940
111.952
111.951
112.830
112.879
112.897
112.901
112.903
112.900
112.884
112.850
112.837
112.850
112.834
112.826
112.839
112.824
112.839
112.842
112.839
112.842
112.832
112.834
104.405
104.371
104.350
104.347
104.376
104.378
104.380
104.363
104.356
104.576
104.711
104.707
104.615
104.603
104.608
104.607
104.617
26.282
26.177
26.164
109.097
109.173
109.177
109.173
109.153
109.131
109.131
109.137
109.172
109.191
109.238
109.048
109.021
109.024
109.026
109.043
109.025
109.020
109.006
108.998
102.462
102.496
102.458
102.421
102.454
102.773
102.849
102.737
102.758
102.780
102.773
102.770
102.827
102.839
102.793
102.721
102.704
102.696
19.802
19.777
109.077
109.086
109.077
109.010
108.997
109.007
109.053
109.050
109.053
109.045
109.042
109.040
109.034
109.037
109.037
109.041
109.036
109.059
109.063
109.063
33.996
33.878
33.873
33.837
33.825
33.830
78.872
78.939
78.906
78.840
78.845
78.839
78.836
78.878
78.844
78.841
78.832
78.853
78.863
78.870
20.476
20.512
20.505
20.489
14.244
74.364
69.732
69.602
69.633
69.633
69.688
69.694
70.168
70.179
70.182
70.168
70.154
53.274
53.306
53.304
53.315
53.312
53.293
53.584
53.575
53.594
15.697
15.691
8.452
78.366
78.507
78.428
78.341
78.374
78.358
78.361
78.375
78.380
78.382
78.401
78.456
78.450
78.083
16.480
16.456
229.514
229.797
229.859
229.864
229.956
230.119
235.984
236.044
236.098
236.194
236.272
236.313
236.357
236.395
236.474
236.560
236.631
236.731
236.756
236.814
236.854
133.505
133.566
133.608
133.625
133.662
133.636
133.650
133.691
133.723
133.738
133.782
133.830
133.799
133.847
133.879
133.922
133.961
134.005
133.987
121.278
121.280
121.331
121.399
121.417
121.420
121.409
121.355
121.309
121.322
121.310
121.306
121.273
121.262
121.266
121.259
121.259
121.257
121.225
121.236
121.050
10.339
10.380
72.239
72.144
71.904
71.885
71.851
71.776
71.748
71.663
71.675
71.654
71.665
71.663
30.740
34.331
34.334
34.303
34.309
165.476
165.182
165.188
165.184
165.175
165.192
165.160
165.153
165.146
165.126
165.296
165.272
165.733
165.759
165.665
165.332
165.326
165.378
165.354
165.336
165.328
165.331
165.310
165.202
165.195
7.601
33.931
33.998
34.118
34.147
45.949
45.888
45.072
45.060
44.995
44.899
44.746
44.624
44.487
44.170
10.478
10.467
9.018
11.933
5.874
5.530
5.686
5.215
16.401
16.152
38.322
38.254
38.246
38.238
38.245
38.218
48.698
48.752
48.751
48.743
48.735
48.709
48.665
48.640
48.622
24.363
24.391
27.858
27.876
27.865
16.415
16.375
16.319
129.378
129.415
129.427
129.459
129.442
129.375
129.681
129.804
129.849
129.896
129.957
130.044
130.081
130.210
130.276
130.301
130.366
130.227
130.323
130.391
130.438
130.511
130.568
130.630
58.428
58.479
58.596
58.501
58.483
58.500
58.503
58.524
58.506
58.506
5.774
21.096
21.139
21.151
21.142
58.127
58.143
57.435
57.414
57.395
57.388
57.397
57.478
57.506
63.837
63.794
63.744
63.770
63.745
63.857
63.882
63.891
63.910
63.882
63.907
66.956
66.787
66.752
66.853
66.869
66.901
66.904
66.922
65.705
65.708
65.660
24.893
24.802
24.757
24.751
52.671
52.722
52.713
52.690
52.681
52.733
52.686
52.730
52.700
25.531
25.559
25.579
25.600
25.613
8.971
16.025
15.843
15.816
11.926
11.880
18.903
18.911
18.903
31.508
31.530
31.569
31.515
31.455
63.676
63.670
63.674
63.648
63.640
63.647
63.643
63.666
63.678
63.696
63.684
89.048
89.073
89.077
89.115
89.167
89.406
89.415
89.461
89.495
89.461
89.483
89.518
89.555
89.689
89.737
89.769
75.335
75.361
75.319
75.222
75.005
74.988
74.932
74.895
74.790
74.764
74.702
74.758
74.660
5.800
10.105
11.908
11.907
39.995
40.043
39.870
39.873
39.877
39.902
39.910
24.421
24.443
24.437
24.429
66.086
65.930
65.940
65.956
65.940
65.961
65.944
65.845
65.832
65.808
65.812
65.825
95.295
95.412
95.404
95.421
95.435
95.443
95.483
95.500
95.506
95.520
95.543
95.516
95.532
95.575
95.612
95.654
95.672
59.972
60.036
59.964
59.966
59.962
59.921
59.924
59.927
59.922
59.916
59.906
69.865
69.882
69.818
69.814
69.768
69.701
69.685
69.709
69.666
69.601
69.540
69.435
101.321
100.643
100.671
100.682
100.680
100.737
100.788
100.770
100.797
100.856
100.848
100.166
100.157
100.125
100.015
100.050
100.046
62.992
62.999
62.979
62.970
62.964
62.865
62.810
62.796
62.790
62.585
62.579
75.054
75.069
75.054
75.048
74.993
74.985
74.477
74.359
74.261
74.130
74.015
73.929
96.736
96.815
96.812
97.171
97.175
97.204
97.211
97.208
97.187
97.206
97.185
97.170
97.168
97.138
97.129
97.141
97.183
76.079
76.186
76.240
76.274
76.306
76.331
76.350
76.363
76.397
76.396
76.394
64.438
64.426
64.430
64.405
64.413
64.416
64.477
64.589
64.643
64.683
64.698
64.699
96.963
97.045
97.035
97.023
97.017
96.978
96.970
96.992
96.987
96.980
96.990
96.979
96.986
96.981
96.946
96.939
96.930
53.513
53.483
53.535
53.645
53.702
53.723
53.782
53.834
53.851
53.935
72.915
72.987
72.982
72.980
72.974
72.969
73.024
73.036
74.359
74.382
74.407
74.408
91.304
91.330
91.346
91.348
91.342
91.331
91.328
91.267
91.236
91.222
91.210
91.222
91.217
91.225
91.192
91.187
91.182
72.391
72.416
72.433
72.455
72.467
72.462
72.449
72.441
72.430
72.439
72.441
72.420
72.421
49.182
49.179
49.204
49.220
49.204
49.193
49.197
49.188
49.185
40.221
40.343
40.324
40.389
40.412
40.392
67.143
67.204
67.185
67.356
67.316
67.257
67.218
67.219
67.157
67.151
67.186
72.591
72.620
72.621
72.608
72.566
72.545
72.536
72.429
72.406
72.380
72.334
72.323
72.345
89.266
89.338
89.342
89.340
89.325
89.287
89.278
89.298
89.304
89.293
89.271
89.278
89.270
89.270
89.225
89.211
59.985
60.000
59.995
59.988
59.947
59.901
59.927
59.901
59.860
59.827
59.791
63.224
63.200
63.130
63.074
63.030
63.019
63.061
63.050
63.037
63.058
15.346
15.225
8.225
18.136
18.204
81.686
81.696
81.688
81.677
81.709
81.746
81.782
81.847
81.886
81.908
81.879
81.888
81.929
81.944
123.793
123.813
123.797
123.799
123.775
123.775
123.769
123.811
123.796
123.805
123.799
123.756
123.748
123.730
123.715
123.738
123.742
123.728
123.694
123.704
123.704
123.696
100.568
100.617
100.622
100.612
100.567
100.530
100.520
100.511
100.503
100.520
100.510
100.512
100.476
100.458
100.458
100.454
100.474
100.472
5.220
9.755
22.664
22.671
22.656
22.660
29.360
29.320
29.343
29.375
64.506
64.415
64.391
64.380
64.141
64.076
64.066
64.033
64.018
64.013
64.003
14.539
133.151
133.184
133.170
133.132
133.146
133.154
133.158
133.186
132.970
132.996
132.994
133.016
132.945
132.872
132.937
132.952
132.972
132.967
132.919
132.926
132.906
132.860
18.883
90.702
90.714
90.720
90.737
90.758
90.736
90.745
90.750
90.713
90.697
90.691
90.687
90.694
90.721
90.756
90.794
5.049
8.774
79.153
79.161
79.141
79.103
79.092
79.042
79.043
79.031
79.023
79.014
79.005
78.999
78.938
35.244
35.101
33.821
33.729
118.171
118.134
118.120
118.116
118.156
118.171
118.201
118.216
118.243
118.271
118.301
118.279
118.284
118.257
118.193
118.189
118.195
118.183
117.971
117.961
20.996
20.988
102.106
102.187
102.206
102.225
102.308
102.128
102.159
102.157
102.167
102.181
102.188
102.214
102.222
102.205
102.264
102.338
102.343
102.371
118.897
118.837
118.746
118.680
118.681
118.590
118.545
118.447
118.401
118.351
118.333
118.324
118.310
118.303
118.307
118.284
118.264
118.284
118.305
118.323
15.895
107.672
107.770
107.796
107.800
107.849
107.854
107.882
107.915
107.940
107.958
107.980
108.014
108.026
108.050
108.092
108.115
108.140
108.135
108.155
10.452
10.404
60.679
60.735
60.716
60.687
60.674
60.462
60.451
60.446
60.435
60.464
10.871
45.810
45.810
45.809
45.892
45.975
46.048
46.175
46.213
120.618
120.652
120.646
120.624
120.588
120.391
120.311
120.294
120.276
120.172
120.161
120.166
119.650
119.606
119.579
119.553
119.554
119.507
119.492
119.527
119.516
101.911
101.921
101.917
101.911
101.899
101.890
101.896
101.885
101.880
101.891
101.879
102.051
102.054
102.014
105.481
105.469
105.465
105.437
105.356
31.271
31.218
31.124
31.072
31.077
39.206
39.131
39.133
39.118
39.110
39.139
32.875
32.826
32.819
32.812
32.806
32.410
32.414
32.451
32.456
32.446
113.609
113.652
113.589
113.390
113.388
113.393
113.408
113.431
113.433
113.417
113.415
113.253
113.271
113.274
113.284
113.236
113.222
113.210
113.181
203.960
204.174
204.282
204.359
204.432
204.439
204.504
204.385
204.452
204.534
204.597
204.632
214.579
215.016
215.117
215.214
65.961
27.157
26.843
140.816
140.710
140.588
140.158
140.032
139.913
139.801
139.717
139.520
139.449
139.363
139.272
139.221
139.116
139.114
138.906
138.835
138.784
138.691
138.636
138.555
111.624
111.654
115.582
115.616
115.625
115.639
115.623
115.603
115.601
115.600
115.659
115.670
115.736
115.741
115.777
115.790
115.778
115.751
115.734
26.060
26.053
26.103
26.075
40.546
40.445
40.446
40.460
40.430
40.444
61.832
61.829
61.854
61.901
61.910
61.953
61.859
61.809
61.826
61.829
61.828
130.242
130.258
134.199
134.209
134.222
134.223
134.223
134.222
134.192
134.180
134.181
134.226
134.003
133.958
133.995
133.990
133.982
133.978
134.013
133.998
133.962
133.971
133.944
102.461
103.090
103.126
103.180
103.187
103.224
103.252
103.309
103.335
103.360
103.360
103.420
103.478
103.538
103.586
103.642
103.687
8.928
27.311
27.014
28.113
27.345
47.440
47.455
47.451
47.447
47.238
47.152
47.149
62.618
62.574
62.573
62.539
62.529
62.527
62.527
62.462
62.421
62.409
127.915
127.900
127.751
127.730
127.769
127.776
127.742
127.708
127.664
127.672
127.596
127.581
127.580
127.563
127.546
127.577
127.553
127.549
127.499
127.492
127.466
127.492
97.638
97.726
97.701
97.666
97.659
97.659
97.657
97.586
97.535
97.514
97.667
97.508
97.498
97.442
97.434
97.453
97.423
34.702
34.617
34.605
34.594
34.577
34.591
94.581
94.576
98.413
98.366
98.374
98.383
98.377
98.279
98.226
98.193
98.179
98.145
98.113
98.087
98.005
98.163
127.646
127.622
127.595
127.480
127.469
127.467
127.463
127.447
127.424
127.411
127.397
127.403
127.411
127.381
127.352
127.357
127.371
127.349
127.342
127.336
127.340
23.764
23.757
99.852
99.867
99.860
99.873
99.911
99.911
99.920
99.922
99.925
99.905
99.932
99.926
100.058
100.230
100.288
100.371
100.434
133.939
133.998
133.956
133.934
133.911
134.189
134.204
134.152
134.161
134.142
134.145
134.129
134.127
134.121
134.164
134.162
134.223
134.254
134.261
134.286
134.323
134.349
134.413
108.075
108.090
108.257
108.285
108.335
108.363
108.392
108.421
108.383
108.387
108.345
108.358
108.443
108.455
108.487
108.456
108.451
134.855
134.892
134.887
134.890
134.876
134.873
134.940
134.943
134.874
134.866
134.863
134.861
134.849
134.885
134.876
134.869
134.869
134.872
134.866
134.837
134.853
134.865
134.864
96.681
96.732
96.754
96.779
96.788
96.799
96.820
96.794
96.765
96.734
96.727
96.707
96.711
96.709
96.716
96.710
96.707
131.804
131.828
131.789
131.785
131.821
131.701
131.583
131.626
131.670
131.684
131.676
131.711
131.737
131.747
131.783
131.794
131.785
131.790
131.790
131.783
131.762
131.768
131.771
112.524
112.672
118.746
118.949
119.017
119.216
119.311
119.410
119.505
119.584
119.684
119.799
119.876
119.953
120.029
120.116
120.212
14.875
14.757
177.896
179.301
179.345
179.361
179.425
179.503
179.536
179.559
179.593
179.592
179.521
179.421
179.328
179.367
179.378
179.430
179.530
179.566
179.608
179.739
179.852
18.667
16.780
16.190
50.602
50.478
50.424
50.386
49.823
49.525
49.536
50.165
35.219
35.227
35.293
35.272
35.247
20.471
20.472
20.477
5.544
21.729
21.781
21.650
21.598
10.258
36.539
36.602
36.522
36.316
36.328
36.359
38.581
36.663
36.658
36.665
35.437
136.095
136.105
136.077
136.070
136.128
136.174
136.187
136.193
136.207
136.797
136.943
136.960
136.994
137.028
137.067
137.078
137.083
137.390
137.426
137.447
137.533
81.540
81.502
81.516
81.642
81.711
81.730
81.736
81.740
81.750
81.416
81.421
81.443
81.447
81.420
111.213
111.227
111.232
111.255
111.268
111.270
111.305
111.319
111.338
111.343
111.338
111.394
111.409
111.430
111.441
111.495
111.554
111.572
40.959
39.396
39.409
39.441
39.205
39.196
82.700
82.741
82.742
82.712
82.513
82.363
82.354
82.340
82.361
82.361
82.365
82.357
82.262
82.213
82.229
141.467
143.526
143.545
143.573
143.574
143.587
143.581
143.585
143.586
143.589
143.606
143.586
143.609
143.603
143.620
143.655
143.667
143.643
143.640
143.611
143.605
141.495
138.237
138.324
87.691
87.768
87.777
87.775
87.789
87.843
88.066
88.090
88.101
88.096
88.094
88.102
88.136
88.089
88.110
32.755
32.820
32.832
32.829
32.801
32.791
98.975
99.011
98.991
98.988
98.981
98.987
98.991
99.016
99.213
99.239
99.246
99.253
97.245
97.193
97.179
97.173
97.221
97.243
63.839
63.865
63.825
63.810
63.798
63.814
63.792
63.765
63.587
63.596
63.705
63.710
54.530
54.576
54.515
54.467
54.460
54.500
54.543
54.545
54.514
54.531
5.914
6.244
65.340
65.291
65.296
65.302
65.314
65.337
65.340
65.282
65.280
65.279
65.271
65.345
14.506
20.588
18.685
142.929
142.999
143.013
143.024
143.037
143.057
143.082
143.102
143.086
143.087
143.139
143.163
143.162
143.175
143.920
143.948
143.960
143.812
143.864
143.888
143.959
143.974
144.021
90.835
90.906
90.867
90.873
90.899
90.920
90.956
90.991
90.975
90.980
90.992
91.000
91.009
91.044
91.065
91.028
5.561
12.911
13.014
14.346
14.483
65.927
65.962
66.018
66.018
66.059
66.092
65.848
65.685
65.469
65.458
65.445
89.506
89.593
89.607
89.609
89.629
89.631
89.808
89.805
89.834
89.834
89.855
89.875
89.891
89.960
90.030
92.032
92.100
10.654
10.700
14.537
14.291
32.478
34.348
34.355
34.359
34.375
34.365
16.005
16.041
16.020
5.581
6.378
17.335
17.328
72.520
72.500
72.497
72.513
72.533
72.556
72.585
72.624
72.645
72.708
72.687
72.683
72.712
19.754
19.740
122.695
122.743
122.805
122.795
122.806
122.826
122.805
122.803
122.809
122.818
122.815
122.833
122.818
122.789
122.817
122.822
122.816
123.043
123.080
123.089
123.099
123.106
123.138
97.563
97.728
97.776
97.822
97.850
97.846
97.857
97.991
98.044
98.057
98.116
98.172
98.195
98.256
98.302
98.411
94.991
51.256
51.269
51.229
51.320
51.302
51.303
52.614
52.661
52.663
76.979
76.984
77.004
77.009
77.013
77.042
77.054
81.814
84.718
84.840
84.856
84.862
84.860
84.866
129.968
129.997
130.001
130.058
130.061
130.064
130.051
130.069
130.024
129.991
129.995
132.449
132.472
132.467
132.399
126.839
126.842
126.835
126.783
126.768
126.570
126.466
31.196
31.163
31.162
30.970
82.500
82.614
82.727
82.637
82.636
82.691
82.734
82.774
82.866
82.953
82.981
82.990
83.002
83.017
123.295
123.376
123.427
123.460
123.489
123.507
123.538
123.575
123.616
123.656
123.694
123.725
123.750
123.734
123.780
123.820
123.750
123.675
123.686
123.719
123.750
123.778
103.582
103.647
103.694
103.694
103.696
103.701
103.715
103.838
103.902
103.896
103.909
103.934
103.945
103.942
103.910
103.956
104.025
104.086
132.284
132.384
132.367
132.382
132.382
132.348
132.339
132.289
132.461
132.438
132.454
132.460
132.475
132.457
132.467
132.501
132.531
132.557
132.550
132.603
132.660
132.672
96.376
96.556
96.560
96.577
96.598
96.714
96.684
96.672
96.687
96.695
96.668
96.668
96.666
96.678
96.678
96.676
96.659
96.657
18.173
18.210
18.196
101.637
101.731
101.757
101.787
101.642
101.650
101.638
101.650
101.651
101.685
101.714
101.725
101.732
101.768
101.796
101.827
101.881
101.905
101.935
113.998
114.093
114.105
114.115
114.122
114.137
114.184
114.435
114.484
114.491
114.572
114.689
114.795
114.918
115.004
115.076
115.065
115.089
115.936
116.063
116.147
115.316
115.348
115.282
115.295
115.325
115.377
115.525
115.546
115.509
115.521
115.495
115.484
115.506
115.498
115.513
115.464
115.378
115.372
115.542
114.502
114.605
114.570
114.570
114.604
114.640
114.657
114.671
114.694
114.691
114.708
114.706
114.705
114.713
114.734
114.767
114.780
114.789
114.830
114.850
114.871
107.844
107.940
107.953
107.957
107.961
107.962
107.966
107.971
107.978
107.988
107.970
107.974
107.970
108.005
108.008
108.014
108.005
108.007
108.007
115.813
115.982
115.991
115.997
116.003
116.005
116.009
115.984
115.971
115.946
115.946
115.955
115.961
115.971
116.231
116.256
116.275
116.285
116.279
116.271
116.276
94.088
94.159
96.301
96.298
96.305
96.263
96.280
96.252
96.249
96.252
96.257
96.267
96.263
96.285
96.316
96.265
96.012
