94.181
91.781
92.031
91.385
90.989
90.602
86.491
85.253
84.939
84.610
84.065
83.800
83.565
83.197
82.687
82.578
82.698
193.849
193.890
193.839
193.784
193.081
193.056
193.051
192.908
192.915
191.325
190.817
191.195
191.191
191.135
190.622
189.565
189.328
189.280
189.209
189.206
189.168
189.148
189.113
189.795
189.790
189.778
189.002
188.978
188.586
188.571
188.591
188.591
188.110
105.027
103.935
103.767
103.661
103.630
103.545
103.878
103.574
103.606
102.639
102.571
102.904
103.113
103.012
102.456
103.597
105.859
46.396
46.488
46.485
46.479
46.472
45.949
45.943
45.917
45.870
63.735
64.227
64.221
64.169
64.155
64.124
64.150
64.050
64.034
64.041
64.016
55.494
55.787
55.785
55.730
55.660
55.650
55.558
55.561
55.525
55.531
69.238
68.657
68.582
68.565
68.539
67.234
67.214
67.172
67.129
67.020
66.986
66.949
66.906
58.974
58.953
58.787
58.802
58.966
58.994
58.979
59.011
32.167
32.158
32.192
32.163
32.139
114.689
114.435
114.273
114.028
113.944
113.903
112.711
111.991
107.684
105.442
105.475
105.459
105.428
105.348
105.334
55.415
55.414
55.375
55.347
55.325
55.273
56.060
56.104
53.610
53.551
53.568
53.611
53.614
53.615
53.596
53.595
25.740
25.796
25.793
25.860
25.849
7.910
17.178
17.207
17.173
56.804
56.892
56.864
56.832
54.164
54.146
54.124
54.101
52.235
52.236
26.696
26.709
26.714
26.710
26.666
5.488
4.901
31.126
30.901
30.902
30.940
30.975
30.924
21.340
22.469
22.353
14.389
14.375
36.716
36.749
36.759
36.754
36.783
36.837
36.918
37.518
37.407
37.323
37.201
37.103
37.004
47.102
47.005
46.895
46.825
46.805
46.847
46.835
46.807
54.275
51.859
52.056
52.055
53.252
53.203
53.164
53.163
53.183
53.319
12.054
34.583
34.632
34.616
34.615
34.636
34.614
34.589
9.636
9.630
29.541
25.307
25.238
24.986
41.601
41.638
41.660
41.662
41.625
41.593
41.487
41.465
108.863
108.893
108.834
108.781
108.786
108.682
108.639
108.576
108.557
108.430
108.195
105.293
105.199
105.160
105.086
105.062
105.036
104.973
104.950
104.876
5.356
43.080
43.178
43.171
43.159
43.152
43.150
43.016
43.006
43.003
9.477
9.439
38.213
38.174
37.978
37.842
37.825
37.808
37.813
24.610
24.596
24.378
53.029
52.954
52.956
50.934
49.899
49.852
49.840
50.135
50.135
27.829
27.757
27.748
27.706
48.959
48.932
48.936
48.968
48.962
48.950
48.952
48.948
48.937
47.783
47.650
47.656
47.665
47.650
47.646
47.648
47.646
47.634
60.839
60.933
60.925
60.902
60.904
60.801
60.793
60.826
60.834
60.841
60.809
60.803
73.766
73.766
73.836
73.866
75.918
75.954
75.966
75.969
75.958
75.974
75.799
75.810
75.824
75.781
49.615
49.755
49.772
49.788
49.794
53.024
53.063
53.077
53.073
53.095
10.617
70.021
70.046
70.040
69.884
69.775
69.751
69.773
69.774
69.775
69.783
69.789
69.777
69.783
48.168
48.142
48.145
48.124
48.119
48.167
48.134
148.545
148.659
148.662
148.683
148.699
148.705
148.590
148.623
149.965
150.028
150.062
150.091
150.114
150.169
150.188
150.228
148.902
149.731
149.769
157.266
147.779
147.741
147.763
147.670
104.953
105.719
105.728
105.750
105.812
105.822
105.838
105.846
105.863
105.870
105.854
105.864
105.844
108.479
108.516
108.586
108.628
108.647
108.807
108.991
109.008
6.017
80.046
80.170
80.153
80.138
80.153
80.167
80.137
80.139
79.987
79.943
79.914
79.928
79.920
79.919
37.047
37.148
37.161
37.166
37.125
37.113
37.088
14.053
114.487
114.527
114.493
114.444
114.369
113.856
113.787
113.749
113.677
113.604
113.572
113.348
113.211
113.192
113.160
113.141
113.127
113.104
113.141
113.151
113.151
113.114
116.857
116.967
116.967
116.947
116.955
116.955
116.959
116.952
116.950
116.956
116.961
116.987
116.944
116.941
116.946
116.952
116.913
116.908
116.885
116.879
116.886
116.849
44.623
44.716
44.745
44.744
44.748
44.747
44.750
44.760
44.969
9.201
66.604
66.694
66.764
66.803
66.810
66.805
66.830
66.834
66.837
66.844
66.847
66.638
66.631
5.412
16.323
16.387
16.394
10.839
122.240
122.368
122.376
122.391
122.404
122.428
122.446
122.449
122.456
122.500
122.485
122.482
122.521
122.532
122.573
122.575
122.444
122.440
122.384
122.379
122.390
122.415
122.429
29.669
29.647
29.638
29.864
101.738
101.678
101.593
101.499
101.485
101.464
101.505
101.499
101.509
101.508
101.494
101.457
101.476
101.658
101.717
101.779
101.791
101.798
148.536
149.107
149.125
149.154
149.160
149.155
149.184
149.186
149.183
149.177
149.173
149.150
149.174
149.176
149.174
149.179
149.188
149.178
147.795
147.732
147.730
147.728
147.717
147.713
147.721
147.723
147.723
26.860
26.729
26.726
26.728
26.727
16.326
16.375
16.365
25.391
25.445
25.412
192.075
192.084
192.068
192.066
192.050
192.045
192.039
192.044
192.050
192.044
192.043
192.044
192.056
192.058
192.053
192.054
192.061
193.729
193.754
193.787
193.797
193.812
193.823
193.833
193.857
193.864
193.865
193.883
193.890
193.897
193.897
193.908
193.905
193.884
193.882
193.829
193.806
193.802
193.802
52.367
52.483
52.493
52.466
52.462
52.463
52.465
52.472
52.462
52.466
52.461
16.854
16.862
16.851
4.987
9.938
9.962
21.233
21.287
21.271
52.150
52.150
52.141
52.107
52.094
52.075
52.079
52.061
52.035
52.022
183.572
183.815
183.889
183.966
183.975
183.975
183.971
183.955
183.990
183.990
183.992
184.025
184.016
184.004
180.841
180.800
180.795
180.779
180.780
180.829
180.915
180.913
180.912
180.910
180.901
180.880
180.797
180.759
180.636
180.573
180.482
180.362
180.285
87.766
87.924
88.776
88.798
88.833
88.838
88.917
88.913
88.950
89.038
89.074
89.100
89.152
89.175
89.204
89.228
89.245
27.281
27.249
27.293
27.293
27.268
42.704
42.698
42.693
42.632
42.656
41.190
41.169
119.550
119.379
119.371
119.382
119.376
119.382
119.377
119.393
119.379
119.360
119.369
119.404
119.423
119.425
119.415
119.419
119.425
119.393
119.352
119.352
119.348
144.370
145.515
145.515
145.510
145.514
145.520
145.512
145.498
148.803
148.861
148.878
148.902
148.919
148.935
148.940
148.925
148.919
148.944
148.951
148.957
148.932
148.913
148.922
148.922
148.913
148.893
148.893
148.884
148.917
112.890
112.929
112.963
112.983
112.994
113.030
113.271
113.289
116.681
116.734
116.763
116.797
116.840
116.880
116.914
116.910
116.941
116.982
117.020
117.046
117.075
146.735
146.838
146.840
146.810
146.799
146.809
146.820
146.836
146.837
146.838
146.851
146.852
146.854
146.849
146.844
146.856
146.859
146.867
146.867
146.882
146.888
146.888
146.855
145.801
145.787
145.763
145.743
145.723
145.716
109.212
109.303
109.222
109.225
109.226
109.235
109.225
109.201
109.218
109.231
109.241
109.047
109.056
109.024
109.015
109.023
109.024
109.044
109.047
109.057
109.056
5.101
14.202
14.291
25.244
23.788
23.775
121.950
121.992
121.984
121.956
121.976
118.835
118.762
118.741
118.718
118.723
118.719
118.715
118.720
118.713
118.720
118.710
118.706
118.718
118.722
118.726
118.729
118.725
118.728
131.991
132.078
132.094
132.099
132.102
132.110
132.132
132.128
132.129
132.154
132.128
132.241
132.302
132.324
132.341
132.346
132.340
132.348
132.355
132.360
132.408
132.409
132.413
132.414
132.435
132.447
10.293
10.318
9.867
9.769
6.287
10.135
10.111
71.869
71.848
71.862
71.859
71.790
71.730
71.775
71.589
71.609
71.617
71.646
71.623
71.632
26.947
26.882
26.782
26.759
129.324
129.363
129.393
129.404
129.413
129.666
129.656
129.674
129.751
129.870
129.979
130.086
130.129
130.263
130.342
130.372
130.377
130.261
130.266
130.280
130.274
133.586
133.639
133.666
133.661
42.770
42.855
42.865
42.877
42.869
42.891
42.901
42.904
5.513
8.708
55.565
55.544
55.434
55.432
55.340
55.258
55.156
55.018
54.852
25.299
25.349
25.339
179.244
179.297
179.288
179.297
179.305
179.501
179.639
179.684
179.692
179.699
179.713
179.728
179.719
179.715
179.721
179.704
179.664
179.576
179.571
179.539
179.534
179.534
179.532
179.528
179.528
179.520
179.534
179.524
179.505
179.528
179.526
179.516
179.503
179.493
179.496
98.844
98.889
98.884
98.900
98.945
98.907
98.848
98.854
98.890
98.939
98.950
98.969
99.035
99.043
6.050
36.367
35.713
35.688
35.599
35.597
35.513
39.789
40.312
40.343
40.348
41.030
41.046
41.129
123.485
120.368
120.327
120.290
120.271
120.336
120.296
120.308
120.305
120.313
120.316
120.333
120.346
120.357
120.352
120.340
120.358
120.360
120.361
120.387
120.399
120.381
145.302
145.390
145.396
145.404
145.423
145.442
145.477
145.507
145.722
145.736
145.718
145.740
145.745
145.750
145.719
145.717
145.727
145.736
145.742
145.757
145.749
145.765
145.773
145.776
145.825
145.884
145.902
145.963
115.564
115.555
115.544
115.492
115.490
115.447
115.386
115.340
115.323
115.262
115.207
115.171
115.168
115.184
115.173
115.177
115.168
115.166
115.180
115.170
115.168
115.170
146.571
146.683
146.692
146.699
146.685
146.869
146.852
146.811
146.802
146.805
146.804
146.806
146.855
146.890
146.922
146.931
146.944
146.943
146.954
146.959
146.918
146.953
146.972
146.984
146.988
146.909
146.893
146.888
111.333
111.399
111.409
111.519
111.572
111.576
111.589
111.589
111.591
111.581
111.583
111.694
111.836
111.847
111.853
111.859
111.877
111.849
111.855
111.845
112.198
112.207
143.339
143.458
143.467
143.456
143.468
143.488
143.499
143.506
143.510
143.502
143.559
143.568
143.556
143.560
143.747
143.734
143.728
143.754
143.776
147.641
147.698
147.707
147.724
147.748
147.777
147.791
147.796
147.811
117.507
117.613
117.621
117.582
117.561
117.564
117.596
117.599
117.607
117.597
117.593
117.585
117.549
117.544
117.568
117.581
117.594
117.595
117.582
117.583
117.595
117.594
149.809
150.111
150.124
150.126
150.141
150.146
150.162
150.163
150.170
150.145
150.139
150.141
150.149
150.152
150.157
150.150
150.188
150.211
150.223
150.213
150.214
150.228
150.228
150.235
150.240
150.253
150.253
150.324
113.212
113.296
113.245
113.216
113.174
113.149
113.163
113.163
113.239
113.227
113.226
113.230
113.233
113.244
113.239
113.262
113.313
113.315
113.311
113.301
113.304
113.298
140.554
140.661
140.667
140.654
140.653
140.669
140.686
140.690
140.701
140.710
140.717
140.687
140.679
140.683
140.706
140.706
140.704
140.692
140.697
140.716
140.722
140.728
140.541
140.544
140.546
140.572
140.574
140.606
113.614
113.704
113.708
113.708
113.733
113.742
113.761
113.785
113.799
113.803
113.811
113.810
113.823
113.841
113.878
113.848
113.839
113.773
113.724
113.729
113.730
113.731
147.374
147.475
147.416
147.241
147.266
147.261
147.255
147.244
147.255
147.258
147.260
147.236
147.236
147.239
147.242
147.256
147.257
147.248
147.249
147.253
147.230
147.217
147.216
147.241
147.253
147.196
147.191
147.350
119.946
119.972
119.993
119.983
119.993
120.043
120.054
120.063
120.068
120.077
120.100
120.090
120.096
120.096
120.098
120.104
120.126
120.115
120.118
120.132
120.141
120.172
111.566
111.629
111.629
111.620
111.623
111.635
111.617
111.590
111.604
111.791
111.785
111.789
111.614
111.620
111.621
111.621
111.616
111.618
111.626
111.628
111.640
32.744
32.787
32.804
33.006
33.035
130.921
130.929
130.933
130.936
130.944
130.962
130.970
130.973
130.976
130.973
130.964
130.961
130.960
130.943
130.949
130.933
130.962
131.014
131.030
131.055
131.047
131.051
131.059
131.069
134.950
136.563
136.578
136.584
136.585
136.586
136.802
136.806
136.834
136.845
136.844
136.849
136.845
136.838
136.854
136.868
136.875
136.880
136.874
136.885
136.895
136.876
136.854
136.863
136.866
136.875
128.927
129.000
129.003
129.008
129.003
128.998
129.014
129.016
129.015
129.019
129.023
129.000
129.006
129.008
129.020
129.023
129.023
129.008
129.029
129.030
129.010
128.953
128.844
128.792
136.023
136.050
136.038
136.010
135.986
135.934
135.935
135.936
135.948
135.962
135.961
135.930
135.912
135.874
135.863
135.862
135.852
135.871
135.855
135.858
135.861
135.868
135.907
135.933
135.927
135.947
128.082
129.722
129.723
129.615
129.621
129.635
129.617
129.641
129.659
129.664
129.598
129.582
129.551
129.555
129.549
129.328
129.309
129.316
129.291
129.123
129.037
129.018
129.035
129.033
132.083
132.173
132.191
132.189
132.187
132.211
132.195
132.129
132.130
132.137
132.118
132.116
132.112
132.094
132.108
132.132
132.142
132.143
132.189
132.175
132.180
132.174
132.175
132.189
132.174
132.154
126.897
126.979
127.021
128.131
128.144
128.115
128.117
128.160
128.184
128.157
128.143
128.149
128.145
128.155
128.086
128.028
128.022
128.033
128.016
127.989
127.965
127.887
127.848
127.854
138.824
139.011
139.074
139.186
139.242
139.238
139.281
139.357
139.437
139.498
139.523
139.548
143.792
143.878
143.893
143.916
143.945
143.963
143.977
143.823
143.841
143.855
143.861
143.870
143.872
143.853
126.316
126.418
126.398
126.391
126.361
126.350
126.358
126.360
126.346
126.348
126.374
126.438
126.436
126.432
126.217
126.211
126.195
126.183
126.200
126.103
126.081
125.979
125.922
125.910
143.138
144.895
144.869
144.867
144.872
144.873
144.875
144.894
144.903
144.916
144.921
144.924
144.848
144.839
144.824
144.837
144.844
144.877
144.872
144.880
144.889
144.852
144.633
144.612
144.639
144.631
127.584
127.665
127.659
127.664
127.675
127.701
127.687
127.659
127.668
127.673
127.675
127.689
127.675
127.671
127.652
126.249
126.153
126.120
126.076
126.054
126.069
126.049
126.006
125.983
138.534
138.660
138.671
138.734
138.739
138.750
138.808
138.824
138.826
138.840
138.852
138.859
138.872
138.858
138.853
138.857
138.859
138.868
138.876
137.153
137.141
137.137
137.199
137.193
137.208
137.220
129.080
130.818
130.861
130.899
130.913
130.919
130.928
130.929
131.125
131.088
131.098
131.131
131.137
131.152
131.160
131.171
131.187
131.184
131.161
131.088
131.060
131.046
131.016
131.021
137.707
137.653
137.689
137.661
137.609
137.612
137.613
137.628
137.594
137.595
137.636
137.638
137.644
137.708
137.891
137.899
137.895
137.886
137.897
137.890
137.891
137.864
137.853
137.802
137.795
137.795
143.015
143.177
143.325
143.427
143.420
143.722
143.796
143.895
144.022
144.165
144.264
144.419
144.542
144.603
144.698
144.833
144.993
145.132
145.270
145.413
145.511
145.640
145.777
145.910
149.080
149.003
148.877
148.754
148.634
148.513
148.325
148.217
148.004
147.875
147.747
147.627
147.316
147.038
146.910
146.792
146.669
146.259
146.123
146.026
145.897
145.804
145.677
145.548
145.428
145.298
268.805
269.098
269.199
269.352
269.433
269.458
269.556
269.678
269.767
269.849
269.965
270.062
270.180
276.478
276.677
276.814
276.950
277.084
277.322
277.377
277.498
277.649
277.705
277.754
157.296
159.352
159.288
159.173
159.163
159.070
159.062
158.956
158.965
158.571
158.463
158.420
158.346
158.289
158.124
157.984
157.947
157.941
157.963
157.935
157.891
157.883
157.686
157.643
157.597
157.582
131.854
131.950
131.947
131.945
131.941
131.949
131.941
131.938
131.940
131.947
131.943
131.942
131.941
131.957
131.943
131.930
131.905
131.870
131.877
131.888
131.890
131.857
131.845
131.841
179.725
179.983
180.093
180.155
180.237
180.311
203.656
203.890
205.583
206.005
206.157
206.280
206.579
206.731
206.880
208.813
209.036
209.189
209.322
209.427
265.604
265.843
265.955
266.030
266.144
266.252
175.286
175.130
175.034
174.932
174.849
174.744
174.645
174.600
174.518
174.430
174.340
174.252
174.143
174.059
173.962
173.892
173.711
173.619
173.527
173.434
173.331
173.246
160.555
160.062
146.389
146.525
146.540
146.544
146.410
146.391
146.421
146.477
146.558
146.656
146.730
146.842
146.975
147.090
147.186
147.282
147.389
147.374
147.448
147.526
147.619
147.709
147.801
147.836
147.852
147.828
133.695
133.779
133.811
133.824
133.851
133.911
133.939
133.952
133.979
134.014
133.778
133.797
133.796
133.820
133.850
133.879
133.904
133.928
133.958
133.993
134.024
134.036
134.079
134.109
139.372
139.454
139.477
139.421
139.412
142.879
142.929
142.945
142.970
142.992
143.009
143.019
143.004
143.008
143.007
143.024
143.089
143.132
143.163
143.179
143.191
143.201
143.211
143.213
143.237
143.248
130.005
130.058
130.049
130.051
130.052
130.075
129.986
129.975
129.982
129.983
129.992
130.000
129.773
129.766
129.745
129.757
129.768
129.676
129.731
129.752
129.737
129.743
129.903
129.907
138.857
141.005
141.065
141.137
141.160
141.155
141.196
141.241
141.263
141.192
141.194
141.283
141.294
141.308
141.306
141.327
141.336
141.338
141.361
141.382
141.414
141.436
141.452
141.483
141.486
141.487
126.536
126.630
126.653
126.641
126.636
126.619
126.656
126.701
126.672
126.687
126.681
126.606
126.604
127.117
128.619
128.624
128.823
128.822
128.787
128.768
128.774
128.738
128.724
141.231
141.252
141.267
141.281
141.264
141.251
141.249
141.321
141.359
141.341
141.148
141.178
141.278
141.400
141.473
141.562
141.666
141.749
141.819
141.841
141.857
141.868
141.880
141.892
141.903
141.908
113.236
113.260
113.254
113.250
113.189
113.198
113.342
113.401
113.408
113.404
113.408
113.395
113.341
113.332
113.352
113.456
113.524
113.533
113.541
113.541
136.746
136.778
136.994
136.973
136.918
136.875
136.893
136.898
136.914
136.925
136.946
136.953
136.963
136.973
137.009
137.018
137.022
137.032
137.037
137.015
137.013
137.020
137.031
137.035
137.036
137.040
101.308
101.284
101.291
101.085
101.044
101.049
101.205
101.215
101.208
101.182
101.159
101.149
101.147
101.144
101.128
101.141
101.138
101.129
101.132
16.815
16.648
42.612
42.644
42.608
42.603
42.611
42.596
42.625
42.659
103.433
103.509
103.510
103.521
103.493
103.480
103.296
103.267
103.271
103.226
103.209
103.209
103.208
103.222
103.215
103.217
103.217
103.213
103.176
103.177
152.025
152.136
152.150
152.149
152.194
152.158
152.147
152.138
152.133
152.134
152.153
152.155
152.162
152.238
152.251
152.257
152.254
152.262
152.268
152.732
152.756
152.787
152.864
152.899
152.908
152.894
152.900
152.902
152.917
109.858
109.997
109.988
109.998
109.979
109.969
109.971
109.939
109.962
109.987
110.000
110.002
110.003
110.189
110.176
110.196
110.213
110.151
110.120
110.147
82.549
82.411
82.432
82.441
82.478
82.507
82.559
82.421
82.453
82.443
82.394
82.328
82.327
82.337
81.447
72.505
72.478
72.471
72.470
72.501
72.507
72.500
72.504
72.520
72.523
72.511
72.520
72.564
54.508
54.478
54.482
54.465
54.450
54.440
54.443
54.452
54.474
15.671
139.984
140.004
140.008
140.004
140.043
140.036
140.057
140.064
140.056
140.048
140.057
139.900
139.913
139.913
139.913
139.913
139.871
139.877
139.884
139.875
139.875
139.877
139.874
139.852
139.855
139.699
69.548
69.368
69.375
69.361
69.365
69.362
69.366
69.353
69.362
69.359
69.355
69.349
59.393
59.470
59.457
59.519
59.533
59.899
59.972
59.981
59.988
60.004
136.298
136.353
136.364
136.358
136.358
136.358
136.354
136.136
136.010
135.878
135.879
135.884
135.893
135.934
135.947
135.941
135.891
135.913
135.928
135.911
135.895
135.879
135.870
45.044
43.609
43.556
43.506
43.489
43.483
101.869
101.866
104.202
104.224
104.260
104.259
104.250
104.256
104.259
104.278
104.277
104.277
104.284
104.286
107.891
107.931
107.955
107.952
107.968
12.538
12.432
103.222
103.319
103.337
103.333
103.341
103.344
103.374
103.449
103.458
103.474
103.510
103.481
103.483
103.258
103.298
103.306
103.449
103.573
103.600
70.941
70.976
70.999
70.994
70.995
70.965
70.968
70.956
70.853
70.332
70.327
70.324
70.297
46.474
46.476
46.484
46.483
46.474
46.473
46.476
46.526
108.053
108.027
107.978
107.981
107.972
107.970
107.977
107.946
107.935
107.931
107.926
107.916
107.905
107.908
107.909
107.893
107.905
107.929
107.934
73.654
73.689
73.688
73.673
73.709
73.712
73.647
73.629
73.629
73.597
73.633
73.625
73.617
8.535
75.901
75.938
75.934
75.946
75.926
75.919
75.917
75.922
75.791
75.758
75.762
75.751
75.752
75.713
115.507
115.545
115.537
115.526
115.534
115.537
115.527
115.521
115.551
115.672
115.915
116.020
116.049
116.068
116.057
116.066
116.326
116.517
116.557
116.552
116.586
116.615
75.010
75.040
75.009
74.998
74.990
75.078
75.081
75.101
75.069
75.058
74.976
74.937
74.923
74.930
91.574
91.659
91.663
91.669
91.669
91.667
91.697
91.549
91.467
91.532
91.535
91.543
91.517
91.505
91.212
91.202
91.201
107.110
107.146
107.149
107.154
107.143
106.947
106.893
106.905
106.920
106.922
106.926
106.947
106.904
106.916
106.922
106.910
106.906
106.920
106.922
94.540
94.660
94.749
94.802
94.870
94.949
95.041
101.768
101.862
101.963
102.044
55.964
55.994
55.991
214.485
214.463
214.406
214.412
214.415
214.389
214.355
214.466
214.445
214.412
214.331
213.990
213.961
213.873
213.835
213.795
213.688
192.518
192.296
192.205
192.255
192.120
192.011
191.909
191.765
191.675
191.583
187.291
186.649
186.548
186.422
186.265
186.161
186.075
185.955
185.856
15.962
78.779
78.742
78.750
78.741
78.870
78.975
78.982
79.001
78.993
78.995
78.996
78.994
79.026
100.573
100.611
100.617
100.572
100.543
100.556
100.562
100.564
100.562
100.575
100.575
100.580
100.579
100.467
100.450
100.445
100.428
147.191
147.804
147.800
147.804
147.826
147.834
147.839
147.824
147.854
147.839
147.821
147.832
147.852
147.861
147.853
147.859
147.850
148.670
148.686
148.695
148.716
148.710
148.675
148.674
148.692
148.698
148.700
40.185
40.142
40.140
41.870
41.868
41.800
98.278
98.299
98.272
98.248
98.236
98.225
98.086
98.021
97.967
97.787
97.777
97.767
97.762
97.711
97.702
97.705
97.723
79.241
79.267
79.242
79.257
79.281
79.278
79.266
79.201
79.184
79.106
79.093
79.044
79.045
79.023
32.952
32.974
32.969
32.140
32.143
80.568
80.531
80.528
80.516
80.516
80.522
80.522
81.032
81.032
81.030
81.019
81.012
81.020
81.017
104.330
104.367
104.391
104.469
104.408
104.392
104.387
104.381
104.367
104.376
104.400
104.428
104.422
104.470
104.473
104.449
104.460
104.446
104.473
135.410
135.441
135.444
135.430
135.428
135.442
135.414
135.400
135.397
135.417
135.431
135.426
135.422
135.418
135.415
135.422
135.416
135.389
135.385
135.382
135.397
135.399
135.377
135.373
135.384
42.350
42.285
42.266
42.243
42.232
42.263
105.454
105.507
108.084
108.080
108.086
108.080
108.082
108.045
108.041
108.034
108.030
108.021
108.010
111.414
111.436
111.472
111.497
111.500
111.474
165.766
165.836
165.851
165.843
165.839
165.839
165.847
165.885
165.887
165.888
165.915
166.070
166.080
166.081
166.073
166.057
166.056
166.058
166.051
166.053
166.053
166.048
166.044
166.045
166.056
166.050
166.052
166.049
166.064
166.057
166.052
102.543
102.626
102.614
102.613
102.635
102.638
102.634
102.457
102.454
102.461
102.516
102.493
102.502
102.495
102.506
102.528
102.525
102.529
102.541
53.392
53.434
53.422
53.300
53.298
53.302
53.360
53.413
53.426
10.356
116.611
116.659
116.627
116.607
116.604
116.586
116.587
116.607
116.653
116.656
116.663
116.668
116.677
116.684
116.691
116.733
116.733
116.728
116.742
116.751
116.734
153.552
156.485
156.512
156.515
156.531
156.538
156.543
156.534
156.532
156.503
156.411
156.280
156.167
156.058
155.958
155.856
155.778
155.762
155.744
155.750
155.743
155.747
155.740
155.741
155.768
155.761
155.764
155.789
155.777
108.162
108.404
108.400
108.393
108.394
108.387
108.387
108.401
108.409
108.393
108.370
108.374
108.362
108.361
108.339
108.354
108.333
108.313
108.312
108.306
108.284
38.427
38.485
38.456
38.442
38.434
38.439
38.439
12.999
118.413
118.467
121.206
121.204
121.197
121.194
121.193
121.176
121.165
121.160
121.173
121.169
121.168
121.443
121.438
121.434
121.440
121.446
121.445
121.434
121.439
152.879
152.938
152.940
152.944
152.931
152.938
152.938
152.894
152.896
152.887
152.881
152.825
152.817
152.849
152.838
152.834
152.833
152.750
152.534
152.533
152.528
152.520
152.491
152.491
152.490
152.457
152.429
152.402
152.393
122.592
122.709
122.760
122.861
122.971
123.086
123.227
123.310
123.405
123.512
123.638
123.759
123.868
123.974
124.107
124.215
124.302
124.402
124.504
124.632
124.932
69.695
69.603
69.522
69.411
69.275
69.174
69.047
68.865
68.747
68.626
68.476
68.354
90.865
90.916
90.943
90.928
90.895
90.900
90.924
90.941
90.966
90.944
90.952
90.941
90.951
90.966
90.983
90.961
90.976
79.343
79.415
79.418
79.446
79.471
79.538
79.546
79.420
79.404
79.431
79.453
79.463
79.487
79.516
18.012
100.136
100.157
100.162
100.349
100.125
100.023
100.019
100.011
100.013
100.021
100.019
100.022
100.008
100.007
100.070
100.074
100.070
100.065
169.818
169.686
169.673
169.668
169.654
169.647
169.635
169.859
169.865
169.834
169.826
169.834
169.834
169.834
169.839
169.829
169.833
169.818
169.827
169.831
169.830
169.828
169.834
169.843
169.843
169.837
169.841
169.840
169.845
169.826
169.816
16.230
109.030
109.082
109.135
109.147
109.148
109.188
109.182
109.191
109.251
109.273
109.268
109.263
109.278
112.915
112.963
112.984
113.016
113.010
178.766
178.841
178.847
178.853
178.787
178.782
178.551
178.570
178.543
178.471
178.464
178.441
178.441
178.380
178.345
178.333
178.309
178.338
178.294
178.205
178.183
178.186
178.188
178.212
178.204
178.204
178.169
178.175
178.156
178.140
178.125
178.123
102.747
102.816
102.795
102.866
102.854
102.849
102.832
102.829
102.831
102.828
102.817
102.808
102.825
102.824
102.824
102.818
102.823
102.803
15.126
15.287
15.519
9.643
66.815
66.755
66.622
66.667
66.536
66.467
66.328
66.371
66.389
66.434
23.134
26.820
213.579
213.572
213.549
213.532
213.530
213.523
213.514
213.496
213.540
213.558
213.556
213.547
214.013
214.028
214.033
214.013
214.008
214.005
214.007
214.013
214.050
214.050
214.049
214.033
214.023
214.041
214.010
214.010
214.002
214.005
214.005
214.201
214.197
214.198
214.201
214.193
214.175
214.170
68.901
69.015
69.018
69.025
69.017
68.805
68.812
68.817
68.814
68.809
68.811
68.816
12.479
11.876
26.909
26.864
26.842
26.868
14.807
14.767
227.350
227.396
230.424
230.423
230.420
230.423
230.397
230.327
230.309
230.305
230.295
230.298
230.270
230.247
230.215
230.223
230.225
230.209
230.188
230.215
230.219
230.226
230.206
230.200
230.197
230.189
230.155
230.155
230.151
230.145
230.144
230.139
230.104
230.086
230.091
230.100
230.120
230.084
230.084
230.083
230.084
230.083
43.509
43.473
43.459
43.462
43.448
43.421
43.419
43.415
5.327
112.223
112.332
112.332
112.304
112.350
112.363
112.375
112.361
112.361
112.353
112.326
112.339
112.292
112.290
112.315
112.324
112.301
112.299
112.305
169.247
169.280
169.267
169.253
169.217
169.194
169.181
169.187
169.171
169.166
169.162
169.154
169.142
169.136
169.132
169.126
169.118
169.123
169.118
169.105
169.102
169.096
169.101
169.062
169.050
168.967
168.962
168.944
168.923
168.884
169.018
105.021
105.088
105.042
105.226
105.220
105.202
105.198
105.202
105.338
105.318
105.316
105.325
105.332
105.308
105.299
105.322
105.333
105.271
105.267
172.697
172.799
172.791
172.790
172.782
172.788
172.783
172.736
172.738
172.732
172.734
172.537
172.530
172.539
172.554
172.543
172.544
172.579
172.564
172.565
172.551
172.554
172.549
172.548
172.550
172.543
172.534
172.532
172.730
172.727
172.644
109.478
109.544
109.547
109.504
109.484
109.501
109.503
109.502
109.514
109.547
109.527
109.539
109.515
109.512
109.509
109.515
109.481
109.467
109.465
18.411
17.687
17.291
44.123
44.091
44.081
44.196
44.223
44.212
229.609
229.641
229.641
229.635
229.629
229.627
229.621
229.649
229.649
229.558
229.618
229.623
229.586
229.469
229.394
229.307
229.277
229.155
229.152
229.134
229.102
229.044
229.025
229.005
229.002
229.008
229.002
228.982
228.934
228.918
228.910
228.897
228.888
228.900
228.933
228.923
228.924
228.926
228.975
228.967
228.962
57.206
57.213
57.185
57.212
57.183
57.075
56.999
56.909
56.815
6.997
5.423
6.644
53.342
53.439
53.413
53.399
53.313
53.304
53.303
53.298
53.265
15.201
95.795
95.785
95.793
95.731
95.728
95.725
95.504
95.508
95.515
95.502
95.489
95.433
95.397
95.394
95.382
95.374
88.777
88.682
88.678
88.671
88.662
88.644
88.639
88.648
88.807
88.826
88.622
88.623
88.616
88.607
88.586
13.320
62.799
62.809
62.795
63.223
63.184
63.199
63.202
63.212
63.233
63.233
63.216
71.828
71.833
72.107
72.190
72.293
72.856
72.981
73.076
73.051
73.045
73.045
73.061
73.107
21.921
21.963
22.011
106.726
106.734
106.718
106.703
106.704
106.693
106.692
106.625
106.592
106.556
106.478
106.448
106.232
106.161
106.097
105.977
105.871
105.812
58.606
58.623
58.606
58.597
58.609
58.622
58.585
58.651
58.663
58.652
58.651
78.398
78.400
78.400
78.394
81.996
81.869
81.881
81.881
81.852
81.847
81.845
81.846
81.840
81.841
110.765
109.265
109.241
109.061
109.045
109.039
109.046
109.035
109.053
109.055
109.057
109.292
109.288
109.207
109.137
109.134
109.191
109.193
108.626
47.303
47.289
47.179
47.171
47.206
47.192
47.186
47.194
36.487
36.444
36.444
36.436
36.425
64.025
63.986
63.961
63.952
63.962
63.975
63.971
63.971
63.968
63.964
63.954
28.655
28.677
28.641
28.629
79.844
79.866
79.863
79.856
79.829
79.857
79.867
79.858
79.848
79.928
79.928
79.931
79.941
79.916
91.372
91.336
91.368
91.322
91.351
91.365
91.413
91.441
91.434
91.428
91.441
90.211
90.200
90.189
90.147
121.614
121.599
121.563
121.409
121.401
121.447
121.485
121.492
121.453
121.442
121.433
121.425
121.415
121.409
121.408
121.401
121.392
121.388
121.384
121.303
121.283
79.626
79.599
79.580
79.573
79.582
79.568
79.518
79.480
79.512
79.830
79.834
79.661
79.705
79.695
21.356
21.320
21.520
64.925
64.942
64.949
64.938
64.899
64.887
64.866
64.769
64.691
64.636
64.639
126.899
126.949
126.984
126.999
127.010
127.009
127.000
126.974
127.021
127.018
127.040
127.095
127.099
127.093
127.096
127.070
127.066
127.067
127.058
127.060
126.979
126.972
149.566
149.611
149.608
149.599
149.598
149.569
149.562
149.560
149.587
149.605
149.593
149.590
149.566
149.566
149.555
149.528
149.416
149.416
149.427
149.424
149.420
149.401
149.418
149.393
149.400
149.393
107.184
107.169
107.168
107.158
107.172
107.173
107.182
107.161
107.159
107.186
107.178
107.184
107.182
107.181
107.175
107.152
107.111
107.104
5.434
6.408
21.872
21.899
21.887
131.931
131.961
131.903
131.987
131.981
131.974
131.974
131.985
132.011
132.019
132.053
132.052
132.050
132.060
132.064
132.297
132.248
132.226
132.254
132.251
132.200
132.069
141.025
141.102
141.105
141.092
141.072
141.064
141.088
141.065
141.023
140.920
140.883
140.862
140.827
140.803
140.761
140.526
140.529
140.516
140.476
140.431
140.415
140.445
140.510
162.598
166.198
166.274
166.274
166.252
166.255
166.252
166.247
166.259
166.261
166.246
166.257
166.275
166.296
166.305
166.303
166.308
166.308
166.289
166.289
166.287
166.321
166.293
166.493
166.484
166.478
166.480
142.310
142.352
142.342
142.352
142.362
142.365
142.358
142.355
142.351
142.370
142.372
142.378
142.399
142.391
142.373
142.375
142.369
142.358
142.337
142.338
142.293
142.292
142.296
189.309
189.369
189.335
189.343
189.337
189.328
189.330
189.353
189.297
189.292
189.291
189.299
189.263
189.228
189.167
189.236
189.201
189.141
189.116
189.057
188.974
188.957
188.941
188.930
188.915
188.888
188.861
152.188
152.179
152.166
152.072
152.056
152.011
151.928
151.899
151.846
151.839
151.836
151.833
151.828
151.814
151.810
151.837
151.828
151.827
151.810
151.798
151.796
151.708
151.389
164.683
164.772
164.777
164.777
164.768
164.773
164.788
164.790
164.787
164.769
164.804
164.815
164.810
164.869
164.861
164.858
164.866
164.831
164.815
164.823
164.804
164.776
164.783
164.789
164.779
164.770
164.787
152.292
151.734
151.804
151.874
151.910
152.014
152.103
152.188
152.268
152.363
152.474
152.553
152.652
152.769
152.876
156.690
156.675
156.674
156.701
156.717
156.725
156.734
156.732
189.644
189.694
189.694
189.740
189.776
189.793
189.676
189.632
189.621
189.610
189.579
189.542
189.587
189.591
189.603
189.586
189.596
189.814
189.812
189.804
189.780
189.786
189.772
189.762
189.705
189.692
189.691
148.720
148.608
148.558
148.455
148.311
148.187
148.070
147.950
147.825
147.703
147.567
147.435
147.356
147.237
147.118
146.987
146.907
146.877
146.862
146.845
146.834
146.816
146.825
160.468
160.553
164.616
164.616
164.619
164.649
164.693
164.699
164.676
164.702
164.708
164.703
164.729
164.771
164.772
164.784
164.749
164.739
164.745
164.755
164.795
164.794
164.828
164.838
164.885
164.883
164.889
138.589
138.672
138.717
138.716
138.724
138.708
138.780
138.796
138.797
138.808
138.794
138.807
138.804
138.802
138.796
138.786
138.791
138.790
138.797
138.780
138.771
138.772
138.766
182.116
182.326
182.390
182.469
182.571
182.644
182.743
182.812
182.892
182.984
183.035
183.051
183.092
183.153
183.210
183.306
183.371
183.444
183.474
183.540
183.691
183.780
183.836
183.905
183.997
184.088
184.179
265.400
265.347
265.286
265.162
265.078
265.006
264.893
264.795
264.703
264.490
264.403
264.322
264.268
264.202
264.158
264.089
264.025
263.952
263.870
263.798
263.709
263.637
263.571
295.786
296.752
296.755
296.761
296.771
296.820
296.814
296.757
296.719
296.714
296.697
296.760
296.857
296.940
297.024
297.142
297.180
297.317
297.444
297.492
297.535
297.602
297.696
297.796
297.881
297.977
298.102
143.776
143.529
143.321
143.055
142.780
142.616
142.509
142.396
142.267
141.781
141.667
141.570
141.469
141.355
141.253
141.144
141.056
141.007
140.924
140.828
140.752
140.659
140.563
151.351
151.454
151.427
151.372
151.389
151.390
151.400
151.398
151.394
151.391
151.439
151.467
151.485
151.486
151.523
151.527
152.096
152.075
152.087
152.098
152.100
152.110
152.116
152.120
152.123
152.130
151.939
181.457
182.147
182.245
182.341
182.522
182.633
182.751
182.780
182.852
182.948
183.028
183.160
183.256
183.279
183.303
183.414
183.059
183.153
183.237
183.333
183.188
183.276
183.369
224.287
224.192
224.117
223.940
223.830
223.739
223.650
223.567
223.498
223.392
223.302
223.195
223.154
222.916
222.771
222.648
222.563
222.496
222.395
222.285
222.183
222.183
222.098
221.990
221.905
221.817
221.758
139.926
139.989
140.031
140.057
140.088
140.801
140.772
140.597
140.613
140.644
140.665
140.678
140.685
140.680
140.604
140.497
140.418
140.414
140.421
140.354
140.231
140.107
140.034
141.475
141.498
141.431
141.425
141.372
141.323
141.322
141.331
141.337
141.348
141.356
141.292
141.297
141.343
141.358
141.364
141.374
141.380
141.394
141.361
141.373
141.433
141.451
141.511
154.541
156.116
156.118
156.130
156.142
156.148
156.104
156.100
156.083
156.118
156.110
156.153
156.179
156.206
156.216
156.232
156.272
156.288
156.322
156.343
156.351
156.356
156.370
156.375
156.394
156.408
134.328
134.404
134.419
134.418
134.453
134.481
134.498
134.511
134.514
134.518
134.529
134.528
134.525
134.307
134.287
134.262
134.246
134.295
134.309
134.320
134.549
134.526
134.546
134.558
161.956
162.057
162.068
162.078
162.131
162.157
162.162
162.211
162.218
162.229
162.249
162.011
162.019
161.978
161.999
162.006
162.009
161.989
161.968
161.973
161.970
161.972
161.978
162.030
162.066
162.099
133.667
135.567
135.611
135.612
135.622
135.645
135.660
135.706
135.763
135.796
135.810
135.824
135.811
135.813
135.829
135.843
135.851
135.861
135.875
135.888
135.897
135.910
135.919
135.699
149.292
149.360
149.363
149.383
149.353
149.346
149.348
149.353
149.363
149.368
149.382
149.381
149.384
149.399
149.338
149.293
149.319
149.268
149.224
149.176
149.133
149.088
149.034
148.964
148.938
148.918
141.165
141.290
141.342
141.358
141.372
141.397
141.412
141.416
141.459
141.489
141.513
141.526
141.529
141.538
141.565
141.575
141.552
141.558
141.571
141.588
141.598
141.620
141.432
141.437
153.368
153.450
153.454
153.418
153.433
153.448
153.458
153.453
153.481
153.730
153.740
153.724
153.772
153.770
153.784
153.883
153.979
154.061
154.149
154.258
154.310
154.397
154.494
154.601
154.693
154.789
240.711
240.901
240.897
240.880
240.821
240.806
240.782
240.769
240.730
240.705
240.677
240.627
240.607
240.571
240.546
240.565
237.544
237.229
237.157
237.076
237.013
236.928
236.796
236.788
158.124
159.778
159.794
159.799
159.821
159.835
159.854
159.843
159.870
159.890
159.903
159.915
159.927
159.743
159.755
159.762
159.766
159.764
159.786
159.805
163.290
163.342
163.364
163.393
163.423
163.481
134.806
134.880
134.894
134.898
134.866
134.861
134.876
134.879
134.887
134.887
134.949
137.474
137.502
137.535
137.561
137.581
137.630
137.653
137.664
137.678
137.671
137.678
137.695
137.700
47.436
47.555
47.576
47.584
47.633
47.504
47.525
47.527
9.603
94.135
94.147
95.723
95.724
95.738
95.738
95.732
95.765
95.737
95.756
95.783
95.783
95.775
95.780
95.772
95.769
95.773
36.970
37.054
37.037
37.031
36.998
36.990
36.841
37.397
37.397
37.393
37.406
37.377
37.387
65.266
65.302
65.325
65.450
65.923
65.961
65.999
66.010
66.027
66.020
66.028
62.554
62.653
63.030
63.127
62.966
63.043
63.128
63.213
63.297
103.262
103.112
103.024
102.913
102.812
102.685
102.576
102.226
102.142
102.030
101.931
101.905
101.844
101.594
101.496
101.376
19.166
126.743
126.710
126.685
126.627
126.622
126.623
126.662
126.664
126.708
126.724
126.738
126.763
126.764
126.776
126.782
126.787
126.795
126.797
126.815
126.818
126.822
171.912
171.994
171.999
171.999
171.738
171.732
171.727
171.722
171.707
171.711
171.711
171.672
171.662
171.687
171.705
171.711
171.712
171.700
171.696
171.703
171.703
171.706
171.692
171.673
171.628
171.618
171.654
171.685
171.689
76.806
77.255
77.239
77.233
77.239
77.246
77.253
77.250
77.246
77.250
77.749
77.763
77.407
44.805
44.791
44.813
44.800
44.821
44.850
44.806
8.146
10.317
6.492
6.045
84.157
83.984
83.964
83.982
83.982
83.990
83.992
83.994
84.002
84.005
84.007
84.009
84.010
84.009
65.362
65.424
65.437
65.481
65.520
65.519
65.594
65.642
65.647
65.686
13.695
13.502
5.489
5.147
118.699
118.743
118.765
118.731
118.694
118.680
118.676
118.646
118.639
118.637
118.664
118.667
118.665
118.682
118.748
118.779
118.783
118.790
118.813
118.811
11.649
11.589
22.176
22.041
22.022
6.417
179.115
179.376
179.485
178.540
178.663
178.743
178.848
178.960
178.441
178.513
178.560
178.599
178.942
178.982
179.062
179.142
179.205
179.392
179.517
179.615
214.544
213.734
213.504
213.426
213.377
213.277
213.175
213.029
212.967
212.886
212.789
212.696
212.636
212.572
212.506
212.421
212.337
212.266
212.181
212.102
212.004
211.860
210.265
45.116
45.094
45.073
45.068
45.068
45.071
45.128
45.143
105.600
105.578
107.472
107.496
107.514
107.515
107.362
107.322
107.669
107.673
107.687
107.730
107.705
107.729
107.461
107.465
107.463
107.454
107.452
78.909
78.995
79.009
79.013
79.029
79.032
79.036
79.040
78.978
78.974
79.299
79.322
79.315
79.322
98.133
98.225
98.220
98.238
98.224
98.216
98.219
98.219
98.215
98.224
98.212
98.217
98.220
98.224
98.189
98.175
98.167
11.097
11.094
17.407
17.440
19.605
5.744
66.852
66.858
66.876
66.875
66.835
66.824
66.425
66.421
66.414
66.437
66.471
66.481
11.938
8.168
76.802
76.756
76.745
75.575
75.491
75.482
75.221
75.074
75.062
75.022
75.190
75.207
75.397
83.632
83.625
83.634
83.641
83.566
83.577
83.575
83.588
83.474
83.423
83.422
83.415
83.422
83.411
15.826
96.172
96.209
96.209
96.213
96.215
96.247
96.221
96.228
96.235
96.240
96.246
96.266
96.266
96.272
96.269
96.272
15.971
16.000
21.722
21.650
21.638
5.497
48.264
48.294
48.262
47.818
47.773
47.767
47.712
47.650
162.442
162.549
162.583
162.603
162.598
162.603
162.595
162.590
162.606
162.604
162.603
162.590
162.579
162.590
162.577
162.551
162.321
162.312
162.323
162.324
162.317
162.332
162.363
162.373
162.376
162.392
162.397
64.058
64.110
64.110
64.113
64.100
64.119
64.138
64.166
64.175
64.202
64.197
62.192
62.204
62.164
62.160
62.123
62.115
62.071
62.026
61.982
61.976
10.722
10.802
6.198
12.675
11.885
24.874
24.987
25.033
24.865
12.271
11.854
65.310
65.333
65.332
65.353
65.371
65.371
63.564
63.571
63.569
63.571
161.494
161.451
161.469
161.479
161.477
161.472
161.508
161.519
161.524
161.507
161.512
161.520
161.532
161.540
161.567
161.571
161.588
161.584
161.589
161.583
161.587
161.600
161.606
161.611
161.613
161.633
161.645
161.654
161.656
21.494
21.444
28.220
28.290
28.276
28.275
28.282
