126.033
124.434
124.373
123.902
123.616
123.042
110.127
305.602
305.372
305.261
305.081
304.887
304.748
304.167
304.212
304.253
304.274
304.252
304.296
304.169
304.129
304.104
303.793
303.710
303.674
302.520
302.456
301.874
301.808
301.600
301.769
301.698
300.694
300.528
301.675
301.797
301.749
301.549
301.504
301.258
301.913
301.899
301.885
301.159
301.140
301.102
301.077
301.051
301.020
300.958
299.352
299.316
299.247
299.234
299.208
299.184
299.153
297.736
297.681
48.948
48.886
48.863
49.134
49.119
48.929
49.922
52.104
23.177
23.118
23.089
229.410
229.590
228.623
228.549
228.503
228.500
228.501
228.480
228.470
228.833
228.812
228.260
228.224
228.206
228.199
228.163
228.127
228.102
228.051
228.073
228.051
228.043
228.036
228.007
227.984
227.973
227.966
227.952
227.414
227.338
227.304
227.248
227.045
227.007
226.975
226.946
226.929
226.879
226.863
226.923
226.907
226.884
226.847
226.831
14.907
19.349
19.312
5.867
5.810
25.728
25.641
26.112
26.126
91.056
91.025
90.994
90.752
90.731
90.712
89.380
88.437
84.025
82.855
202.977
203.101
203.153
203.509
203.506
203.524
203.501
203.521
203.563
203.565
203.549
203.567
203.577
203.588
203.584
203.601
203.602
203.586
203.633
203.767
203.870
203.895
203.889
203.906
203.902
203.906
203.886
204.074
204.084
204.075
204.108
204.101
204.142
204.155
201.464
26.606
26.249
26.166
26.148
117.571
117.577
117.527
117.520
117.506
117.509
117.509
117.503
114.008
113.929
113.911
113.917
113.947
113.935
113.925
113.916
113.916
113.912
113.904
113.879
113.869
96.196
96.248
96.233
96.200
96.148
96.134
96.132
96.116
96.097
96.091
96.086
96.097
96.094
95.850
95.856
95.857
95.856
95.859
95.836
113.193
113.257
113.263
113.258
113.255
113.242
113.254
113.245
113.173
113.088
113.329
113.283
113.259
113.237
113.228
113.226
113.045
113.012
113.027
113.087
113.096
240.976
241.096
241.046
241.018
241.022
241.009
240.996
240.979
240.943
241.193
241.183
241.174
241.205
241.035
241.031
241.038
241.041
241.048
241.034
241.027
241.037
241.027
241.012
240.983
240.929
240.923
240.921
240.910
240.900
240.864
240.869
239.730
239.659
239.611
239.576
239.501
239.467
239.476
239.442
103.252
103.928
104.055
104.062
104.074
104.103
104.122
104.120
104.121
104.127
104.132
104.145
104.144
104.145
104.172
104.157
104.138
104.137
104.139
104.130
104.136
11.488
11.772
13.831
13.811
16.184
16.182
39.775
39.748
39.739
37.792
37.784
37.750
105.685
105.618
105.413
105.364
105.412
105.248
105.236
105.233
105.201
105.156
105.188
105.224
105.258
105.277
105.219
105.209
105.192
105.106
105.098
105.108
47.115
47.078
47.065
47.061
47.060
47.063
144.294
144.012
145.773
145.801
145.787
145.828
145.839
145.814
145.799
145.807
145.812
145.813
145.808
145.817
145.821
145.822
145.828
145.845
145.865
145.860
145.862
148.746
148.790
148.823
148.845
148.807
148.821
148.835
47.876
47.851
47.848
47.838
47.843
47.828
132.876
132.916
132.918
132.916
132.910
132.887
132.887
132.875
132.875
132.866
132.898
133.073
133.082
133.106
133.123
133.109
133.109
134.560
134.613
134.625
134.644
134.675
134.670
134.717
134.736
133.462
364.503
364.466
372.345
364.091
364.195
364.299
364.450
364.548
364.666
364.789
364.923
365.043
365.152
365.166
365.194
365.221
365.246
365.214
365.230
365.250
367.698
367.726
367.738
367.722
367.737
367.734
367.765
367.965
368.046
368.087
368.112
368.120
368.131
368.147
136.719
136.806
136.855
136.844
136.851
136.854
136.853
136.850
136.877
136.908
136.919
136.879
136.886
136.884
136.888
136.805
136.822
136.816
136.839
136.846
136.839
136.916
136.916
136.921
136.907
136.916
18.824
18.768
18.717
36.156
36.204
36.216
36.208
36.200
36.198
36.187
11.498
121.499
120.569
120.767
120.634
120.473
120.482
120.481
120.479
120.481
120.482
120.493
120.559
120.655
120.677
120.676
120.685
120.677
120.689
120.680
120.673
120.656
120.652
120.653
186.519
187.350
187.304
187.292
187.334
187.332
187.374
187.610
186.553
186.545
186.563
186.566
186.573
186.579
186.574
186.587
186.568
186.560
186.545
186.555
186.603
186.608
186.626
186.640
186.654
186.660
186.655
186.653
186.676
186.707
186.724
186.729
186.729
186.746
186.750
186.744
186.484
122.280
122.378
122.402
122.649
122.645
122.651
122.694
122.692
122.695
122.696
122.703
122.701
122.673
122.675
122.685
122.697
122.697
122.695
122.709
122.722
122.792
122.844
122.879
19.567
19.626
19.632
19.649
41.039
41.138
41.171
41.180
41.196
41.242
41.665
41.643
7.260
16.726
15.838
16.505
55.955
55.935
55.923
54.642
54.624
54.604
55.027
54.989
54.913
54.780
63.965
64.131
64.110
64.126
64.137
64.133
62.928
62.879
62.864
62.862
62.849
182.237
182.284
182.314
182.320
182.337
182.328
182.322
182.409
182.406
182.407
182.447
182.448
182.475
182.451
182.457
182.464
182.470
182.503
182.388
182.398
182.413
182.641
182.651
182.644
182.669
182.679
182.605
182.586
182.592
182.606
182.579
182.527
184.237
184.273
184.341
187.139
120.315
120.372
120.400
120.420
120.442
120.457
120.456
120.487
120.501
120.593
120.679
120.701
120.716
120.732
120.739
120.749
120.759
120.856
120.926
120.944
121.000
121.061
121.060
121.074
123.283
123.390
123.414
123.439
123.440
123.430
123.416
123.432
123.429
123.439
123.501
123.505
123.509
123.330
123.319
123.306
123.370
123.376
123.400
123.443
123.445
123.414
123.451
69.996
70.069
70.070
70.045
70.049
70.057
70.070
70.097
69.650
69.620
69.623
69.638
69.600
21.404
21.413
21.396
21.392
45.155
45.205
45.208
45.217
44.992
44.993
44.991
44.996
62.032
61.923
61.966
61.978
61.982
62.050
62.078
61.881
61.797
61.796
61.819
61.859
250.339
250.472
250.458
250.441
250.466
250.501
250.743
250.769
250.742
250.755
250.757
250.706
250.694
250.711
123.248
123.179
122.822
122.777
122.663
122.655
122.677
122.682
122.645
122.629
122.656
122.644
122.633
122.644
122.662
123.650
123.690
123.677
123.712
123.743
123.766
123.768
22.877
119.145
119.137
119.118
119.143
119.061
119.108
119.116
119.106
119.108
119.110
119.111
119.097
119.081
119.080
119.086
119.089
119.095
119.103
119.114
119.124
118.782
118.750
118.757
70.265
70.358
70.370
70.365
70.408
70.363
70.378
70.398
70.361
70.389
70.397
70.394
70.388
70.406
18.226
18.033
18.025
59.014
59.133
59.138
59.146
59.178
59.175
59.183
66.279
66.286
66.272
69.923
69.957
69.954
69.953
69.966
69.970
69.964
69.982
69.987
70.018
70.024
70.061
70.069
124.519
124.562
124.553
124.572
124.568
124.598
124.595
124.615
124.632
124.671
124.698
124.732
124.791
124.839
124.861
124.677
124.701
124.723
124.694
124.680
123.775
123.750
123.742
123.722
156.726
156.892
156.986
156.996
157.004
157.017
157.023
157.059
157.106
157.153
157.150
157.156
157.166
157.155
157.166
157.186
157.162
157.174
157.184
157.213
157.229
157.030
157.009
156.951
156.940
156.948
156.951
156.959
156.965
156.994
157.232
157.501
157.532
157.531
157.573
157.599
157.583
157.535
157.577
157.593
157.603
157.404
157.417
157.437
157.503
157.590
157.589
157.606
157.624
157.637
157.636
157.643
157.673
157.710
157.762
157.701
157.625
157.629
157.523
157.493
159.275
159.365
159.382
159.360
159.360
159.322
159.302
159.318
159.326
159.353
159.372
159.375
159.368
159.365
159.355
159.546
159.567
159.571
159.575
159.594
159.607
159.626
159.621
159.645
159.653
159.627
159.408
159.419
162.561
162.595
154.630
154.737
154.757
154.753
154.746
154.759
154.767
154.724
154.689
154.673
154.655
154.612
154.613
154.616
154.626
154.628
154.636
154.647
154.660
154.676
154.689
154.698
154.697
154.705
154.718
154.725
154.729
154.740
154.933
154.951
22.696
22.727
22.727
22.739
63.877
63.852
63.845
63.781
63.661
63.643
63.621
63.614
63.613
63.567
63.545
17.992
17.178
63.009
62.983
62.985
62.983
62.969
62.957
62.962
62.960
62.953
62.958
62.957
62.950
5.416
16.056
16.135
16.126
22.350
22.396
22.400
22.553
11.491
11.348
15.008
15.053
101.300
101.452
101.547
101.850
101.806
101.774
101.785
101.790
101.785
101.739
101.748
101.760
101.775
101.785
101.783
101.752
101.680
101.645
101.637
101.642
20.671
20.731
20.783
7.809
24.982
25.100
25.098
25.101
51.495
51.437
51.441
51.389
51.342
51.587
51.600
51.601
51.614
40.560
40.509
40.487
40.563
40.624
40.637
42.679
42.712
42.738
42.740
42.764
42.763
42.748
42.790
13.997
13.973
8.609
48.882
48.918
48.922
48.918
48.916
48.913
48.907
48.906
48.921
21.098
22.461
22.469
22.467
12.812
12.478
17.370
17.331
17.327
27.989
28.061
28.063
27.984
27.967
14.857
16.370
16.384
8.238
56.300
56.434
56.445
56.466
56.467
56.467
56.500
56.512
56.515
56.477
56.470
32.989
32.579
32.355
32.161
31.952
40.913
40.832
40.614
40.485
40.452
40.453
40.437
124.637
124.656
124.639
124.626
124.639
124.654
124.656
124.692
124.492
124.506
124.507
124.532
124.529
124.538
124.553
124.566
124.557
124.617
124.632
124.646
124.635
124.634
124.464
124.448
80.712
80.838
80.852
80.860
81.065
81.398
81.403
81.443
81.462
81.482
81.519
81.646
81.734
81.731
81.747
81.759
7.541
26.368
26.268
25.555
25.559
25.398
17.730
118.822
118.782
118.779
118.783
118.783
118.804
118.807
118.801
118.799
118.640
118.535
118.529
118.558
118.581
118.581
118.606
118.603
118.313
118.247
118.238
118.239
118.232
118.214
16.104
63.794
63.770
63.758
63.787
63.843
63.829
63.842
63.839
63.851
63.818
63.784
63.789
19.925
19.791
19.768
7.913
37.166
45.411
45.548
45.560
45.815
45.800
122.050
122.150
122.157
122.179
122.189
122.196
122.225
122.235
122.228
122.229
122.230
122.240
122.283
122.292
122.307
122.311
122.322
122.316
122.316
122.386
122.346
122.309
122.307
122.304
107.611
107.572
107.601
107.616
107.621
107.624
107.632
107.653
107.669
107.677
107.678
107.520
107.490
107.492
107.477
107.475
107.453
107.420
107.406
107.411
15.433
56.713
56.729
56.691
56.640
56.649
56.649
56.659
56.900
57.072
57.270
10.404
86.086
86.185
86.187
86.165
86.156
86.159
86.154
86.161
86.171
85.999
86.002
86.061
86.073
86.162
86.194
86.217
86.223
111.431
111.431
111.437
111.456
111.458
111.468
111.338
111.267
111.367
111.395
111.399
111.418
111.399
111.404
111.195
111.133
111.115
111.227
111.237
111.240
111.260
111.107
76.628
76.670
76.686
76.695
76.698
76.688
76.613
76.573
76.579
76.583
76.653
76.951
76.976
76.956
75.740
75.960
76.150
76.125
76.127
76.164
76.406
76.470
76.500
76.528
76.548
76.549
76.550
120.982
121.028
121.036
121.046
121.074
121.101
121.131
121.139
121.143
121.117
121.118
121.151
121.198
121.214
121.220
121.225
121.238
121.252
121.255
121.249
121.253
121.240
37.465
37.362
37.372
37.375
37.390
13.207
125.081
125.037
125.000
124.997
125.000
124.997
124.997
125.003
125.016
125.020
125.018
125.010
125.044
125.061
125.059
125.055
125.061
125.047
125.052
125.057
125.057
125.059
125.051
125.250
111.659
111.699
111.671
111.679
111.636
111.626
111.548
111.511
111.470
111.454
111.425
111.435
111.455
111.199
111.171
111.154
111.163
111.145
111.147
111.166
111.119
111.108
16.712
16.798
16.808
7.118
11.401
11.421
14.601
14.178
32.725
32.728
32.728
32.716
32.715
32.626
10.974
11.044
76.166
76.282
74.921
74.924
74.908
74.884
74.936
74.939
74.939
74.941
74.957
75.016
75.035
75.086
33.449
33.376
33.320
33.308
184.177
184.191
184.243
184.286
184.374
184.410
184.473
184.483
184.502
184.517
184.518
184.522
184.551
184.563
184.605
184.609
184.658
184.681
184.680
184.666
184.673
184.750
184.761
184.762
184.782
184.782
184.798
184.811
184.815
184.823
185.004
184.998
185.010
185.032
185.046
20.323
38.539
38.565
38.544
38.549
38.621
38.636
107.044
106.856
102.417
102.059
101.964
101.837
101.723
113.005
112.830
112.632
112.494
112.659
112.549
112.465
112.384
112.294
112.184
112.102
112.013
111.920
111.845
111.732
111.681
111.617
111.532
111.434
49.276
49.429
49.407
49.375
49.391
49.385
157.788
157.782
157.741
157.735
157.744
157.751
157.743
157.742
157.508
157.510
157.542
157.544
157.588
157.859
157.869
157.862
157.853
157.860
157.871
157.857
157.897
157.923
157.927
157.931
157.928
157.933
157.950
157.979
157.976
122.640
122.671
123.090
123.113
122.851
122.801
122.808
122.821
122.830
122.853
122.866
122.862
122.792
122.737
122.777
122.771
122.748
122.742
122.699
122.696
122.655
122.626
34.434
34.424
34.377
34.377
91.251
91.232
91.244
91.262
91.254
91.263
91.273
91.273
91.288
91.281
91.284
91.290
91.286
91.298
91.292
91.295
101.130
101.136
101.141
101.161
101.147
101.142
101.149
101.161
101.170
101.167
101.088
101.148
101.164
109.086
109.157
109.194
109.179
109.217
127.621
127.624
127.630
127.591
127.589
127.584
127.573
127.577
127.589
127.591
127.577
127.586
127.783
127.785
127.794
127.756
127.746
127.747
127.726
127.718
127.702
127.711
127.978
128.133
128.146
5.338
12.480
9.397
76.268
76.407
76.427
76.423
76.409
76.417
76.415
76.425
76.467
76.394
76.282
76.177
76.108
76.099
17.760
177.468
177.516
177.520
177.501
177.504
177.432
177.445
177.458
177.453
177.452
177.460
177.469
177.467
177.459
177.489
177.510
177.520
177.522
177.523
177.506
177.510
177.491
177.491
177.487
177.276
177.183
177.174
177.172
177.163
177.173
177.183
175.736
175.656
175.639
54.367
54.310
54.329
54.315
54.140
54.128
54.318
54.319
8.218
10.429
10.379
6.530
22.072
22.147
22.167
22.164
8.570
49.155
49.327
49.334
49.348
49.350
49.413
49.401
49.444
47.813
21.890
21.911
21.888
21.893
10.692
10.643
30.616
30.712
30.723
30.790
30.802
63.747
63.742
63.757
63.769
63.729
63.696
63.632
63.586
63.575
63.540
19.321
227.264
229.114
229.123
229.118
229.125
229.135
229.143
229.147
229.161
229.141
229.099
229.112
229.140
228.832
228.822
228.804
228.796
228.799
228.806
228.812
228.801
228.817
228.868
228.906
228.916
228.912
228.919
228.923
228.940
228.999
229.093
229.112
229.123
229.152
229.140
229.161
229.157
229.170
229.178
229.188
229.192
229.205
229.212
229.232
84.557
84.576
84.558
84.555
84.537
84.532
84.533
84.559
84.562
84.586
84.644
84.694
84.773
84.882
84.835
84.848
90.541
90.551
90.381
90.368
90.358
90.348
90.336
90.274
90.179
90.194
90.194
90.202
90.155
90.126
90.091
90.030
21.004
244.605
244.694
244.656
244.647
244.669
244.675
244.684
244.690
244.697
244.699
244.679
244.671
244.632
244.644
244.639
244.651
244.649
244.633
244.628
244.636
244.683
244.690
244.884
244.900
244.906
244.927
244.936
244.953
244.964
244.968
244.963
244.600
244.587
244.507
244.490
244.424
244.437
244.431
244.352
244.353
244.326
244.332
244.320
88.283
88.355
88.395
88.389
88.394
88.413
88.421
88.418
88.426
88.450
88.444
88.420
88.445
88.453
88.464
88.471
88.480
5.715
19.424
19.125
19.183
33.679
33.659
33.652
33.663
33.678
33.688
11.908
11.878
8.012
20.553
20.589
138.901
136.947
136.974
136.975
136.985
136.969
136.968
136.995
137.061
137.069
137.072
137.080
137.090
137.125
137.147
136.980
136.977
136.986
136.974
136.982
136.995
136.924
136.929
136.931
136.936
136.938
116.442
116.503
116.502
116.487
116.463
116.508
116.553
116.556
116.579
116.585
116.595
116.577
116.564
116.568
116.590
116.585
116.569
116.541
116.537
116.549
116.553
116.545
53.314
53.346
53.349
52.805
52.800
52.799
52.778
52.774
52.745
52.720
13.919
13.938
119.935
120.004
120.019
120.027
120.039
120.042
120.051
120.055
120.066
120.069
120.072
120.081
120.118
120.106
120.117
120.124
120.072
120.067
120.095
120.106
120.119
120.130
117.010
117.046
117.048
117.063
117.036
117.040
116.952
116.907
116.972
117.159
117.180
117.187
117.202
117.225
117.227
117.219
117.246
117.272
117.276
117.076
117.073
117.047
49.789
49.800
49.802
49.799
49.819
49.813
49.822
57.637
11.150
11.231
9.629
23.115
21.324
21.431
78.167
78.113
78.111
78.108
78.134
78.147
78.150
78.157
78.161
78.140
78.147
78.160
78.161
78.194
57.222
57.108
57.125
57.261
57.260
57.233
57.136
57.140
57.166
43.333
43.356
43.337
43.928
43.872
43.855
161.788
161.829
161.819
161.856
161.842
161.839
161.831
161.819
161.816
161.814
161.815
161.818
161.830
161.812
161.944
161.922
161.893
161.887
161.885
161.916
161.914
161.899
161.895
161.897
161.909
161.927
161.911
161.942
161.963
161.962
73.422
73.452
73.477
73.497
73.527
73.514
73.501
73.522
73.494
73.505
73.345
73.334
73.347
73.369
16.383
16.056
16.048
13.029
25.233
27.006
26.954
26.940
46.780
46.774
46.764
46.767
46.769
46.777
46.817
46.836
33.635
33.586
33.584
33.553
33.524
33.546
60.120
60.112
60.080
60.071
60.073
60.078
60.080
58.138
58.127
127.223
126.959
126.952
126.942
126.944
126.936
127.280
127.270
127.276
127.263
127.257
127.283
127.622
127.681
127.680
127.733
127.752
127.762
127.755
127.798
127.860
127.864
127.866
43.372
43.289
43.230
43.210
43.211
43.204
58.095
57.899
57.892
57.851
57.864
57.916
57.938
57.930
57.935
57.866
36.720
36.700
36.709
36.727
36.729
36.717
15.127
15.056
73.763
73.770
73.764
73.782
73.830
73.844
73.826
73.833
73.683
73.572
73.564
73.562
73.571
149.989
150.257
150.248
150.290
150.291
150.287
150.282
150.280
150.293
150.289
150.271
150.273
150.271
150.258
150.253
150.254
150.258
150.255
150.270
150.258
150.257
150.260
150.302
150.302
150.256
150.277
150.279
150.278
150.280
31.049
30.305
30.301
30.289
30.295
58.207
58.232
58.236
58.244
58.058
58.037
57.937
57.935
57.935
57.965
57.972
25.592
25.519
25.442
25.084
13.980
13.679
13.037
106.857
106.897
106.883
106.879
106.844
106.848
106.868
106.859
106.858
106.899
106.895
106.901
107.341
107.360
107.365
107.181
107.182
107.190
107.184
107.147
12.028
29.977
30.020
30.228
30.122
30.055
88.136
88.225
88.223
88.208
88.214
88.194
88.179
88.170
88.167
88.168
88.182
88.176
88.198
88.197
88.201
88.213
88.000
11.673
69.585
70.030
70.024
70.020
70.018
70.032
70.014
70.034
69.850
69.654
69.641
69.627
69.633
9.454
14.381
14.482
84.754
84.842
84.814
84.737
84.683
84.622
84.612
84.594
84.505
84.512
84.516
84.481
84.479
84.463
84.449
22.458
22.471
22.463
22.450
15.476
15.490
15.446
16.933
17.006
17.002
59.385
59.366
58.992
58.971
58.999
58.481
58.457
58.475
58.497
58.498
36.068
36.070
36.043
36.020
36.022
36.033
15.263
15.324
17.706
27.269
26.778
26.759
26.766
26.757
32.395
32.377
32.389
32.474
32.492
17.674
17.610
21.788
21.761
82.837
82.822
82.814
82.837
82.839
82.836
82.840
82.835
82.826
82.814
82.801
82.812
82.799
82.779
82.777
58.857
58.977
59.017
59.004
59.011
59.011
59.016
59.023
59.041
58.990
58.993
18.249
18.329
18.345
20.388
20.403
20.347
20.349
15.411
14.875
49.329
49.404
49.435
49.426
49.471
49.470
49.463
49.460
49.464
10.406
10.418
8.240
5.295
5.643
23.040
23.231
23.254
27.202
11.528
11.533
17.875
17.926
17.926
35.253
34.574
34.605
34.623
34.661
34.662
37.156
37.129
36.942
36.855
36.890
36.891
14.139
123.817
123.843
126.142
126.130
126.077
126.060
126.055
126.028
126.021
125.841
125.829
125.771
125.772
125.809
125.815
125.819
125.723
125.646
125.615
125.804
125.804
125.787
125.782
35.653
35.710
35.703
35.699
35.656
35.652
35.605
13.657
13.756
75.093
74.869
74.748
74.356
74.095
73.970
73.803
73.343
73.143
70.570
32.698
31.265
31.263
31.236
134.665
134.720
134.749
134.740
134.728
134.686
134.653
134.654
134.650
134.619
134.584
134.592
134.596
134.579
134.566
134.526
134.534
134.534
134.531
134.533
134.582
134.599
134.563
134.538
152.650
152.706
152.721
152.741
152.752
152.754
152.754
152.748
152.708
152.707
152.709
152.675
152.667
152.685
152.691
152.663
152.653
152.690
152.691
152.660
152.631
152.626
152.621
152.629
152.643
152.678
152.663
152.661
152.673
5.289
10.998
105.425
105.412
105.456
105.454
105.443
105.455
105.476
105.465
105.453
105.459
105.457
105.472
105.476
105.467
105.462
105.466
105.478
105.481
105.491
24.020
24.003
23.966
208.137
208.220
208.220
208.221
208.231
208.384
207.787
207.798
207.787
207.792
207.778
207.752
207.733
207.705
207.716
207.716
207.718
207.081
207.044
207.025
207.020
206.995
207.033
207.053
207.040
207.089
207.182
207.266
207.336
207.349
207.372
207.374
207.413
207.441
207.448
106.052
106.406
106.406
106.424
106.440
106.435
106.437
106.466
106.687
106.836
106.919
106.925
106.942
106.938
106.945
106.953
107.515
107.545
107.558
107.558
5.793
5.487
10.202
10.221
6.553
27.768
27.629
27.627
27.599
32.385
30.824
30.756
30.758
136.781
136.804
136.797
136.808
136.819
136.820
136.873
136.881
136.875
136.883
136.863
136.854
136.915
136.934
136.942
136.961
137.005
137.011
137.017
137.017
137.008
137.038
137.099
137.113
41.398
41.362
41.352
41.234
41.171
109.157
109.151
109.193
109.195
109.199
109.381
109.379
109.395
109.387
109.438
109.471
109.482
109.541
109.553
109.559
109.556
109.529
109.611
109.632
109.610
31.829
31.840
31.837
31.824
25.098
25.094
25.146
25.152
5.513
30.357
30.528
30.545
30.534
30.525
46.440
46.415
46.464
46.463
48.152
48.128
48.141
48.148
26.884
26.900
26.913
26.932
137.697
137.747
137.754
137.735
137.718
137.737
137.759
137.755
137.759
137.751
137.763
137.764
137.773
137.772
137.765
137.772
137.773
137.780
137.808
137.807
137.824
137.825
137.824
137.785
19.920
185.849
185.966
185.965
185.970
185.951
185.961
185.968
185.967
186.007
186.026
186.012
185.998
186.000
186.596
186.595
186.574
186.592
186.584
186.563
186.558
186.562
186.567
186.547
186.537
186.526
186.539
186.551
186.552
186.546
186.529
186.527
186.520
186.524
186.520
186.512
136.605
136.535
136.555
136.533
136.520
136.521
136.531
136.531
136.549
136.574
136.579
136.585
136.585
136.572
136.564
136.566
136.562
136.522
136.520
136.515
136.572
136.591
136.593
136.571
136.564
26.950
26.852
26.739
26.432
26.336
23.333
22.519
22.145
56.095
56.046
56.041
56.030
56.034
56.027
56.021
56.024
55.999
55.995
63.412
63.387
63.377
63.368
63.384
66.772
66.814
66.830
66.852
66.867
66.878
22.366
22.129
22.122
4.820
11.923
11.948
37.910
37.983
37.725
37.774
89.059
88.942
88.872
88.792
88.479
88.384
88.292
88.209
88.116
87.976
87.902
47.800
47.786
47.803
47.798
47.786
47.805
47.832
47.831
22.648
22.631
162.219
159.363
162.036
162.041
162.023
162.022
162.022
161.999
161.991
161.984
161.950
161.945
161.938
162.130
162.131
162.124
162.142
162.149
162.157
162.150
162.158
162.195
162.203
162.196
162.198
162.191
162.237
162.374
162.404
162.409
52.836
52.950
52.991
53.098
53.095
53.095
53.177
53.053
53.124
32.520
32.261
32.248
32.231
32.145
18.741
15.669
24.378
23.568
23.689
23.739
58.579
58.607
58.603
58.572
58.492
58.439
58.428
58.414
58.407
58.391
144.826
144.905
147.652
147.665
147.668
147.678
147.851
147.865
147.861
147.876
147.890
147.892
147.903
147.898
147.895
147.859
147.832
147.821
147.801
147.787
147.796
147.755
147.754
147.747
147.752
147.789
147.796
6.083
12.495
12.476
45.160
45.224
45.205
45.210
45.206
45.176
45.151
45.123
16.015
15.981
47.716
44.368
44.313
44.276
44.254
44.254
44.265
44.256
11.876
92.457
92.306
92.071
92.045
92.010
91.999
91.971
91.768
91.771
91.769
91.765
91.756
91.716
91.706
91.707
91.698
49.107
49.113
49.151
49.205
49.270
49.292
80.230
80.123
80.080
80.080
80.007
79.919
79.837
79.760
79.678
79.617
79.589
79.522
141.675
141.661
141.723
141.779
141.826
141.877
141.925
141.941
141.906
141.870
141.829
141.819
141.811
141.784
141.515
141.493
141.486
141.471
141.445
141.441
141.431
141.437
141.426
141.422
141.431
15.445
26.812
26.813
26.813
26.816
99.451
99.466
99.446
99.431
99.419
99.441
99.502
99.505
99.492
99.449
99.451
99.480
99.479
99.470
99.475
99.463
99.400
99.398
60.572
60.665
60.666
60.678
60.665
60.675
60.640
60.622
60.603
60.622
87.932
87.976
87.989
87.989
87.971
88.136
88.140
88.144
88.146
88.178
88.177
88.151
88.127
88.150
88.153
88.164
76.001
76.122
76.126
76.141
76.148
76.153
76.152
76.135
76.133
76.130
76.109
76.092
76.084
76.076
50.221
50.198
50.177
50.149
50.071
50.235
50.200
50.201
12.801
82.144
78.752
78.683
78.671
78.666
78.653
78.640
78.624
78.624
78.633
78.639
78.599
78.575
78.595
159.482
159.570
159.562
159.572
159.538
159.539
159.530
159.523
159.539
159.487
159.459
159.473
159.398
159.422
159.435
159.412
159.412
159.412
159.394
159.391
159.399
159.408
159.406
159.406
159.398
159.383
159.378
159.382
159.367
159.353
14.930
14.986
46.197
46.529
46.511
46.694
46.695
46.751
46.756
46.977
37.684
37.771
37.785
37.773
37.812
37.884
57.496
57.592
57.688
57.661
57.645
57.676
57.699
57.722
57.773
57.830
52.037
51.972
51.977
52.018
52.019
51.987
51.976
51.972
51.955
155.194
154.958
154.861
154.863
154.849
154.846
154.838
154.803
154.768
154.769
154.762
154.723
154.722
154.720
154.727
154.717
154.712
154.722
154.715
154.684
154.622
154.517
154.506
154.494
154.497
154.464
154.448
154.366
67.861
67.833
68.039
68.043
68.026
68.033
68.060
68.076
68.067
71.620
66.879
66.853
66.813
66.803
66.804
66.830
66.833
66.870
66.886
66.837
66.822
64.237
64.312
64.300
64.297
64.314
64.313
64.726
64.720
64.719
64.718
64.724
98.029
98.121
98.119
98.123
98.087
98.093
98.083
98.146
98.276
98.367
98.371
98.377
98.400
98.407
98.421
98.459
98.435
98.414
59.828
59.875
59.871
59.851
59.870
59.863
59.860
59.839
59.820
59.824
60.883
60.951
60.915
60.915
60.923
60.915
60.919
60.964
60.645
60.651
60.620
5.668
71.685
71.643
71.641
71.607
71.580
71.278
71.186
71.169
115.431
115.469
115.467
115.466
115.455
115.450
115.442
115.232
115.218
115.219
115.189
115.172
115.156
115.168
115.166
115.175
115.159
115.157
156.789
156.770
156.774
156.760
156.759
156.737
156.610
156.602
156.597
156.593
156.575
156.590
156.604
156.610
156.568
156.548
156.555
156.546
156.518
156.401
156.387
156.368
156.280
156.332
156.367
156.322
156.322
28.474
28.499
28.502
28.488
28.482
51.460
51.432
51.414
51.423
51.418
51.410
51.405
51.403
53.600
53.519
53.549
53.725
53.776
53.769
53.787
53.774
53.769
18.457
18.493
18.471
38.873
38.776
38.757
38.744
28.784
28.855
28.845
28.848
28.834
16.689
16.653
16.630
172.805
172.858
172.902
172.891
172.874
172.880
172.868
172.855
172.855
172.842
172.847
172.853
172.865
172.908
172.898
172.929
172.933
172.924
172.941
172.948
172.948
172.945
172.941
172.920
172.905
173.136
173.144
173.142
118.464
118.541
118.564
118.548
118.545
118.557
118.557
118.513
118.498
118.495
118.507
118.485
118.438
118.407
118.412
118.434
118.432
118.414
118.417
118.438
118.436
118.430
11.920
11.848
133.337
133.203
133.160
133.154
133.148
133.156
133.139
132.799
132.753
132.735
132.713
132.686
132.681
132.716
132.680
132.672
132.678
132.675
132.667
132.653
132.690
132.733
132.725
33.806
33.782
33.794
33.466
10.792
29.402
27.659
27.667
119.035
119.072
122.217
122.112
122.063
122.054
122.050
121.991
121.981
122.031
122.024
122.020
122.012
121.995
121.985
121.938
121.898
121.861
121.856
121.845
26.143
26.133
26.120
26.124
26.126
51.514
51.572
51.474
51.149
51.171
51.197
51.177
51.157
51.154
146.031
146.092
146.057
146.022
146.234
146.226
146.227
146.250
146.261
146.271
146.290
146.279
146.287
145.622
145.556
145.530
145.565
145.529
145.516
145.471
145.407
145.358
144.620
144.597
135.394
135.470
135.453
135.459
135.467
135.464
135.499
135.328
135.317
135.307
135.265
135.306
135.352
135.384
135.408
135.463
135.452
135.446
135.444
135.452
135.479
135.479
135.482
135.483
135.496
61.578
61.710
61.795
61.909
62.003
62.102
62.140
62.160
62.189
62.285
29.397
29.305
29.335
29.413
26.335
26.405
26.403
26.398
93.967
93.922
93.916
93.919
93.913
93.892
93.900
93.862
93.897
93.714
93.717
93.714
93.712
93.693
93.687
93.684
135.325
135.367
135.391
135.383
135.375
135.387
135.385
135.367
135.350
135.339
135.351
135.544
135.496
135.460
135.442
135.377
135.223
135.200
135.188
135.175
135.162
135.143
135.144
135.141
7.020
7.348
12.182
77.419
77.571
77.641
77.692
77.752
78.009
78.062
78.173
78.246
73.381
73.453
73.565
73.595
80.558
80.666
80.664
80.649
113.352
113.279
113.207
113.115
113.027
112.930
112.846
112.764
112.484
112.396
112.288
110.142
110.059
109.979
109.871
109.776
13.434
213.186
213.326
213.336
213.302
213.189
213.187
213.182
213.181
213.166
213.178
213.170
213.125
213.105
213.144
213.163
213.159
213.150
213.147
213.165
213.128
213.112
213.130
213.128
213.114
213.129
213.123
213.111
213.122
213.130
213.149
213.130
213.128
213.121
213.142
213.138
212.914
212.896
212.892
125.564
125.623
125.633
125.578
125.562
125.542
125.519
125.500
125.457
125.438
125.478
125.477
125.482
125.373
125.139
125.130
125.115
125.120
125.112
125.103
125.094
125.088
64.301
64.361
64.587
64.594
64.571
64.610
64.619
64.585
64.573
64.574
64.629
150.240
150.243
150.220
150.217
150.233
150.244
150.250
150.242
150.102
150.029
150.022
149.955
149.941
149.934
149.905
149.900
149.827
149.760
149.754
149.741
149.791
149.795
149.735
149.638
149.638
149.776
149.781
6.010
77.496
77.496
77.476
77.444
77.018
77.001
76.995
77.020
77.023
76.997
77.031
77.065
77.050
36.248
36.258
36.249
36.228
36.156
36.115
17.096
16.595
41.198
41.273
41.312
41.339
41.389
41.411
41.433
6.013
78.059
78.196
78.176
78.188
78.123
78.080
78.084
78.105
78.121
78.131
78.158
78.181
78.191
196.112
196.130
196.110
196.105
196.085
195.996
195.913
195.835
195.754
195.663
195.583
195.519
195.438
195.441
195.384
195.307
195.234
195.142
195.050
194.960
194.873
194.672
194.588
194.495
194.415
194.341
194.221
193.911
193.837
193.762
193.703
193.673
193.660
193.663
24.021
94.998
95.079
95.080
95.070
95.069
95.071
95.058
95.057
95.032
95.021
95.011
95.025
95.037
95.034
94.983
94.952
94.915
10.500
10.544
5.324
6.014
39.504
39.534
39.527
39.543
39.525
39.507
39.640
11.604
11.494
46.822
46.866
46.557
46.534
46.255
46.252
46.225
168.051
168.029
168.028
168.019
168.018
168.015
168.012
168.254
168.257
168.263
168.266
168.299
168.295
168.295
168.289
168.284
168.290
168.280
168.275
168.269
168.264
168.281
168.262
168.254
168.258
168.283
168.273
168.264
168.263
168.263
41.186
41.179
41.181
41.189
41.184
29.466
33.205
33.215
33.189
33.204
16.356
16.428
16.423
5.409
13.513
13.627
82.765
82.781
82.749
64.049
64.120
16.345
16.278
5.847
50.130
50.199
50.179
50.096
50.058
50.056
50.001
49.991
49.976
50.823
50.803
50.778
50.738
50.653
50.557
50.444
50.351
50.285
56.005
55.876
55.946
55.963
56.038
56.075
55.921
55.959
55.928
19.418
19.296
19.231
39.320
39.422
39.424
39.425
39.423
39.451
39.460
6.843
99.211
99.287
99.289
99.290
99.303
99.300
99.300
99.293
99.294
99.254
99.241
99.245
99.263
99.267
99.277
99.266
99.268
99.268
69.548
69.404
69.395
69.377
69.370
69.355
69.314
69.292
69.289
69.260
69.246
69.045
16.439
16.278
16.264
7.693
30.955
30.981
30.931
30.927
30.921
12.866
12.930
10.520
28.930
28.990
28.952
44.867
44.917
44.868
44.849
44.809
14.638
86.970
81.022
80.743
80.663
18.742
18.748
18.731
45.847
46.045
46.025
45.905
45.822
45.705
45.570
45.454
9.427
10.194
34.507
34.609
34.623
34.607
34.599
6.758
12.649
116.300
116.118
116.022
116.020
116.020
116.026
116.029
116.016
115.763
115.754
115.763
115.768
115.761
115.758
115.786
115.799
115.752
115.765
115.770
30.826
30.846
30.836
127.541
127.555
127.511
127.481
127.480
127.479
127.466
127.469
127.416
127.407
127.404
127.381
127.373
127.353
127.409
127.422
127.428
127.412
127.412
127.410
127.442
127.440
18.312
18.382
18.372
16.919
16.802
13.043
12.990
36.987
36.584
36.586
36.572
36.591
13.174
12.908
74.329
74.408
74.433
74.443
74.465
74.463
74.464
74.390
74.331
74.337
74.316
74.313
74.334
11.501
111.409
111.469
111.472
111.469
111.383
111.315
111.310
111.272
111.252
111.240
111.228
111.216
111.179
111.159
111.152
111.154
111.145
111.148
111.158
129.572
129.647
130.148
130.167
130.150
130.155
130.128
130.119
130.126
130.627
130.580
131.044
131.060
131.373
131.589
131.601
131.588
131.601
131.629
131.640
131.656
131.638
131.636
80.319
80.580
80.641
80.635
80.645
80.658
80.693
80.780
80.834
80.836
80.804
80.618
80.625
80.626
122.609
122.690
122.726
122.748
122.745
122.790
122.800
122.791
122.843
122.850
122.857
122.851
122.842
122.854
122.865
122.859
122.809
122.818
122.821
122.823
122.791
122.811
82.823
82.940
82.944
83.008
83.039
83.095
83.186
83.214
83.258
83.330
84.639
84.741
84.692
84.752
47.709
47.222
47.195
47.180
47.168
47.175
47.173
47.149
13.346
13.335
13.719
13.657
44.143
44.187
44.196
44.203
44.238
44.227
44.216
33.342
33.237
33.229
32.562
32.559
35.259
31.306
31.268
31.270
31.255
26.828
26.853
26.815
155.150
155.150
155.205
155.248
155.242
155.244
155.231
155.231
155.232
155.233
155.236
155.429
155.616
155.631
155.607
155.622
155.627
155.820
155.819
155.806
155.799
155.865
155.838
155.814
155.815
155.797
155.780
155.776
110.364
110.524
110.639
110.697
110.752
111.025
111.086
111.146
111.173
111.228
111.314
111.403
41.236
41.081
40.389
40.308
10.026
83.101
83.184
83.192
83.192
83.208
83.202
83.201
83.197
83.206
83.194
83.191
83.200
83.190
83.132
83.129
14.629
15.183
20.687
20.932
49.159
47.997
48.090
48.088
48.033
48.011
48.008
105.068
105.042
105.042
105.046
105.047
105.047
105.123
105.368
105.396
105.399
105.357
105.333
104.823
104.808
104.831
104.862
104.855
104.850
204.062
204.105
204.071
203.974
203.918
203.808
203.800
203.699
203.569
203.622
203.419
203.305
203.156
203.029
202.919
202.899
202.887
202.694
202.683
202.648
202.621
202.603
202.603
202.587
202.573
202.528
202.516
202.487
202.471
202.470
202.416
202.344
202.361
202.343
202.328
103.173
103.407
103.528
103.640
103.638
103.667
103.945
104.038
104.104
104.134
104.298
104.354
104.440
104.485
104.720
89.147
88.995
90.514
90.528
90.236
90.328
90.360
90.148
90.177
90.133
31.860
30.615
30.991
30.190
113.732
113.646
113.600
113.566
113.487
113.458
113.437
113.403
113.329
113.317
113.278
113.061
112.838
112.789
112.690
112.590
112.509
112.484
112.460
112.354
38.260
38.249
38.234
38.230
38.217
38.203
27.610
27.667
27.645
27.623
27.612
22.627
22.670
21.546
46.320
46.589
46.488
46.496
46.482
46.468
46.274
46.258
47.031
47.259
47.247
47.239
47.234
47.206
47.175
6.111
45.688
45.695
45.686
45.664
45.623
44.626
44.615
44.593
17.001
17.042
17.053
117.444
116.710
116.713
116.701
116.688
116.674
116.555
116.650
116.646
116.626
116.631
115.676
115.662
115.651
115.631
115.621
115.625
115.599
115.529
115.337
115.193
69.523
68.015
67.993
67.981
67.965
67.952
67.942
67.943
67.948
67.946
67.938
76.157
76.096
76.087
76.094
76.147
76.132
76.131
76.143
76.146
76.160
76.145
76.082
76.080
27.531
27.482
27.478
27.484
28.620
28.626
27.201
126.456
126.473
126.470
126.581
126.587
126.575
126.591
126.611
126.617
126.609
126.598
126.593
126.592
126.592
126.585
123.437
122.738
122.892
122.851
122.666
122.568
122.548
115.164
115.222
115.215
115.215
115.216
115.192
115.188
115.181
115.200
115.198
115.157
115.143
115.138
115.138
115.135
115.117
115.106
108.824
108.898
108.890
108.886
108.887
108.871
108.879
108.882
108.892
108.889
108.885
108.881
108.837
108.807
108.796
108.806
108.795
108.726
108.739
108.729
116.089
116.150
116.149
116.146
116.142
116.149
116.135
116.201
116.218
116.254
116.254
116.296
116.342
116.387
116.496
116.602
116.648
116.671
116.685
116.686
116.692
116.691
6.097
16.680
15.567
77.449
75.677
75.653
75.653
75.652
75.653
75.653
75.644
75.655
75.654
75.677
75.690
75.688
31.718
31.692
31.722
31.734
96.051
96.066
96.067
96.055
96.039
96.005
95.995
95.989
95.992
95.990
96.021
96.032
96.015
96.012
96.003
96.014
96.029
6.328
8.805
7.969
37.870
37.861
37.849
37.628
37.573
37.555
12.526
133.770
133.862
133.878
133.914
133.936
133.941
133.942
133.913
133.903
133.914
133.915
133.916
133.930
133.957
134.023
134.023
134.069
134.120
134.153
134.158
134.292
134.391
134.504
134.616
134.722
8.025
69.380
69.395
69.381
69.384
69.395
69.372
69.362
69.333
69.304
69.370
69.361
69.354
39.113
39.065
39.062
39.067
39.072
39.056
135.707
135.910
135.891
135.873
135.865
135.847
135.792
135.805
135.780
135.711
135.591
135.520
135.502
134.136
134.052
134.007
133.900
133.815
133.782
133.774
133.744
133.736
133.699
154.753
154.193
154.183
154.200
154.230
154.207
154.072
154.132
154.134
154.067
154.114
154.090
154.091
154.179
154.183
154.148
154.182
154.194
154.237
154.285
154.267
154.232
154.278
154.266
154.274
154.331
27.641
27.579
27.567
27.549
27.497
10.384
131.227
131.294
131.277
131.260
131.263
131.261
131.268
131.247
131.194
131.188
131.181
131.188
131.177
131.173
131.192
131.193
131.367
131.352
131.347
131.343
131.313
131.301
131.300
131.294
193.251
193.240
193.238
193.231
193.235
193.250
193.238
193.234
193.235
193.201
193.207
193.188
193.174
193.176
193.207
193.213
193.188
193.166
193.158
193.137
193.145
193.145
193.149
192.997
192.988
192.973
191.979
191.924
191.910
191.906
191.947
191.963
191.999
192.050
191.889
134.618
134.713
134.708
134.760
134.763
134.762
134.737
134.735
134.719
134.708
134.705
134.686
134.640
134.618
134.635
134.595
134.584
134.601
134.616
134.616
134.617
134.611
134.710
134.732
134.762
40.430
40.138
40.105
40.112
40.109
40.108
40.114
9.565
39.000
39.065
39.060
39.086
39.102
39.083
39.061
37.365
37.029
37.014
37.014
37.025
36.930
95.927
95.951
95.956
95.976
95.975
95.991
95.980
95.976
95.757
95.750
95.709
95.703
95.692
95.709
95.725
95.683
95.605
125.973
125.936
125.918
125.929
125.931
125.927
125.921
125.961
125.742
125.743
125.736
125.723
125.728
125.742
125.741
125.717
125.705
125.701
125.711
125.712
125.692
125.679
115.506
115.546
115.540
115.526
115.674
115.728
115.733
115.747
115.746
115.756
115.758
115.752
115.716
115.755
115.762
115.764
115.763
115.792
115.775
115.791
115.795
94.147
95.980
96.001
96.044
96.078
96.093
96.081
96.079
96.090
96.104
96.044
96.029
95.992
95.973
95.999
96.017
96.013
15.242
15.285
15.281
91.246
91.160
91.163
91.154
91.146
91.107
91.092
91.090
91.082
91.120
91.126
90.917
90.910
90.909
90.748
90.515
90.269
12.070
12.124
80.730
80.764
80.767
80.762
80.764
80.724
80.710
80.776
80.798
80.789
80.781
80.772
80.783
80.689
8.952
85.049
85.085
85.026
84.977
84.971
84.936
84.935
84.934
84.896
84.882
84.880
85.078
85.084
85.067
85.056
92.076
92.114
92.034
91.958
91.840
91.364
91.324
91.277
91.262
91.223
91.313
91.287
91.279
91.290
91.287
91.268
72.606
72.777
72.848
72.912
72.997
73.105
73.219
73.348
73.386
73.472
73.567
73.655
112.885
112.738
112.615
112.463
112.340
112.258
112.201
112.243
112.203
112.157
112.125
112.066
111.999
111.940
111.897
111.862
111.821
111.764
111.750
111.702
135.393
135.515
135.521
135.511
135.511
135.476
135.438
135.437
135.471
135.551
135.562
135.573
135.558
135.548
135.531
135.545
135.587
135.646
135.634
135.615
135.631
135.631
135.634
135.611
135.596
33.080
33.136
33.150
33.158
33.157
33.159
84.067
84.143
84.303
84.402
84.497
84.508
84.516
84.561
84.571
84.824
84.846
84.852
84.866
84.873
32.530
32.601
32.592
98.827
98.838
98.839
96.029
208.003
207.845
202.095
202.059
202.025
201.986
201.971
201.923
163.748
158.558
158.047
157.941
157.883
157.776
157.676
157.572
157.536
157.574
157.479
157.380
157.303
157.212
156.511
156.385
47.820
47.776
47.765
47.769
47.741
47.712
41.009
41.017
41.025
41.033
41.030
41.041
41.071
10.262
10.213
