108.794
103.967
104.105
103.427
103.077
102.165
101.819
422.824
422.976
422.864
422.718
422.486
421.545
421.511
421.626
421.760
421.824
421.969
422.011
422.120
422.162
421.939
422.064
419.816
419.756
419.873
419.945
420.020
419.965
419.765
420.555
420.572
419.280
418.973
418.993
418.987
418.969
418.953
418.936
418.888
419.636
419.498
419.451
418.466
418.445
418.447
417.697
417.654
417.618
417.562
415.451
414.663
413.682
414.019
414.003
413.633
412.675
412.633
412.828
412.983
412.959
412.808
412.772
412.786
412.251
413.271
415.404
415.388
415.394
415.382
26.504
26.866
26.867
26.839
26.792
11.618
11.658
36.187
35.925
30.259
30.135
30.093
108.683
108.729
108.767
108.741
108.699
108.667
108.707
108.688
108.665
108.639
108.612
108.372
107.703
107.574
107.463
227.802
226.492
226.304
226.140
225.762
223.332
223.331
223.357
223.312
223.286
223.262
223.261
223.226
223.235
223.437
223.413
223.365
223.403
223.369
223.343
223.385
223.614
223.597
223.892
223.907
221.821
221.774
221.706
221.682
221.521
221.533
221.507
220.418
81.221
79.251
81.073
158.742
158.721
158.751
158.738
158.802
158.864
158.889
159.002
159.124
159.196
159.846
159.965
160.080
160.139
160.142
160.137
160.145
160.068
159.936
97.613
97.103
97.093
97.074
97.049
97.029
97.010
97.025
97.061
97.068
97.072
97.072
97.084
97.066
97.031
194.528
194.549
194.100
194.124
194.137
194.235
194.275
194.263
193.931
193.927
193.930
193.921
193.889
193.824
193.634
193.493
193.495
193.514
193.480
193.479
193.409
193.331
193.327
193.269
193.261
193.267
193.221
193.073
193.018
193.007
193.002
192.990
192.985
199.839
199.930
199.927
199.905
199.913
199.910
199.913
199.849
199.851
199.857
199.861
199.882
199.905
199.919
199.953
199.980
200.122
199.822
199.830
199.886
199.895
199.891
199.901
199.909
199.981
199.960
199.962
199.960
199.956
199.901
199.897
199.901
199.899
199.906
199.913
199.920
199.976
188.270
188.415
188.431
188.445
188.722
188.879
188.969
189.003
189.038
189.199
189.350
189.603
188.780
188.766
188.800
188.802
188.748
188.784
188.751
188.674
188.577
188.546
188.476
188.386
188.350
188.315
188.275
188.270
188.279
188.308
188.273
188.288
188.268
216.642
216.950
217.008
217.131
217.263
217.388
217.477
217.510
217.535
217.504
217.516
217.482
217.488
217.486
217.499
217.503
217.501
217.995
218.004
217.988
218.031
218.027
218.024
217.987
217.920
217.935
217.919
217.866
217.850
217.812
217.814
217.819
217.828
217.834
217.834
217.828
217.863
192.638
193.398
193.405
193.448
193.488
196.902
197.008
197.060
197.078
197.136
197.144
197.173
197.185
197.213
197.195
197.233
197.247
197.242
197.286
197.282
197.322
197.317
197.326
197.266
197.257
197.204
199.061
199.118
199.200
199.258
199.335
199.328
199.344
197.448
197.545
197.497
197.489
197.455
197.426
197.376
197.369
197.380
197.412
197.435
197.398
197.400
197.456
197.468
197.481
197.517
197.564
197.556
197.532
197.532
197.713
197.681
197.611
197.616
197.620
197.652
197.634
197.680
197.684
197.680
197.694
197.713
197.724
197.694
197.633
197.613
199.376
199.434
199.432
199.441
199.438
200.996
201.039
201.055
200.995
200.980
200.983
200.991
200.971
199.632
200.429
200.430
208.328
198.435
198.394
198.361
198.331
198.330
198.497
198.490
198.463
198.465
198.463
198.487
198.454
198.473
198.501
198.513
198.568
250.238
255.434
255.348
255.481
255.594
255.708
255.852
255.964
256.077
256.205
256.309
256.419
256.547
256.606
256.707
256.821
256.951
257.078
257.179
257.324
257.455
257.589
257.718
257.849
257.971
258.085
258.183
254.837
254.891
254.967
255.078
255.169
255.243
255.341
255.478
255.611
255.736
226.088
226.018
225.912
225.727
225.648
225.532
225.410
225.366
225.455
225.319
225.253
225.173
225.078
224.959
224.793
224.667
224.569
224.560
224.538
224.540
224.548
224.586
224.590
224.581
224.549
224.571
224.563
224.673
224.676
224.690
224.664
224.626
224.655
205.277
205.344
205.334
205.301
205.245
205.211
205.228
205.204
205.194
205.172
205.224
205.563
205.579
205.587
205.655
205.682
205.715
205.657
205.527
205.372
205.410
205.413
205.428
205.448
205.461
205.460
205.466
205.492
205.276
205.319
205.358
205.408
205.453
205.437
205.437
205.433
205.377
184.560
184.689
184.710
184.729
184.745
184.754
184.726
184.772
184.790
184.769
184.749
184.744
184.752
184.751
184.784
184.820
184.824
184.809
184.806
184.833
184.668
184.692
184.676
184.669
184.677
184.657
184.640
184.647
184.669
184.685
184.686
184.693
220.085
221.087
221.117
221.130
221.154
221.142
221.201
221.230
221.156
221.124
221.150
222.018
222.030
222.048
222.080
222.110
222.135
222.161
222.222
222.247
222.337
222.374
222.412
222.466
222.515
222.543
222.557
222.324
221.018
220.976
220.956
220.959
220.973
17.062
238.182
238.392
238.530
243.651
244.060
244.172
244.287
244.324
244.452
244.506
244.370
244.482
244.595
244.702
244.793
244.923
245.009
245.113
245.229
245.325
245.443
245.577
245.651
245.705
245.806
245.817
245.957
246.060
246.093
246.202
246.320
249.302
249.437
249.570
249.629
195.213
195.190
195.094
195.005
194.956
194.850
194.758
194.648
194.496
194.391
194.288
194.177
194.066
193.955
193.853
193.766
193.698
193.577
193.492
193.417
193.269
193.158
193.054
192.954
192.840
192.714
192.604
192.488
192.381
192.285
192.187
192.159
192.059
191.983
191.982
315.776
317.472
317.633
317.736
317.794
317.888
317.986
318.091
318.199
318.291
318.389
318.524
318.599
318.637
318.640
318.652
318.671
318.712
318.713
318.719
318.733
318.738
318.714
318.651
318.649
318.668
318.677
318.700
318.710
318.769
318.781
318.790
318.834
318.870
318.860
211.287
211.470
211.289
211.341
211.653
211.729
212.931
212.949
212.972
213.017
213.023
212.985
212.971
212.909
212.912
212.924
212.921
212.299
212.229
212.231
212.206
212.139
212.071
212.089
212.087
212.057
211.330
211.324
211.304
211.227
211.248
211.231
211.240
211.231
211.245
72.857
72.630
72.629
72.629
72.558
72.465
72.313
72.293
72.227
72.198
72.188
72.209
72.228
70.739
70.813
70.905
70.916
70.913
70.936
69.972
69.955
69.865
69.848
69.769
28.899
28.619
28.546
28.500
28.410
16.242
16.251
13.125
13.149
5.508
5.656
5.303
10.917
10.966
5.670
7.402
37.695
37.700
37.666
37.656
37.652
37.563
21.119
21.127
153.896
157.644
157.672
157.689
157.694
157.698
157.711
157.716
157.718
157.768
157.779
157.743
157.681
157.615
157.553
160.828
160.770
160.872
160.813
160.801
160.791
160.798
160.787
160.724
160.603
160.454
160.338
160.283
48.075
48.096
48.290
48.319
48.297
48.331
48.121
48.123
48.144
7.442
16.672
16.692
16.641
32.540
32.637
32.599
32.598
32.603
32.628
106.456
106.429
106.435
106.464
105.436
105.401
105.386
105.452
105.493
105.223
105.205
105.192
105.178
105.150
105.139
105.129
105.132
105.139
25.777
24.627
24.625
58.144
58.121
58.092
58.091
58.088
58.101
58.099
58.306
58.306
58.332
8.586
29.355
27.853
27.932
27.985
28.013
5.315
6.932
5.544
11.580
11.726
79.289
79.274
79.187
79.118
79.039
79.000
78.906
78.877
78.796
78.736
78.640
78.162
25.813
25.902
26.071
26.154
117.461
117.488
117.508
117.507
117.470
117.486
117.536
117.550
117.279
117.316
117.343
117.268
117.176
117.123
117.025
116.929
116.700
116.651
17.830
83.358
83.292
83.295
83.332
83.347
83.280
83.177
83.147
83.086
83.053
82.964
82.881
82.786
82.717
21.416
21.508
21.486
21.523
39.030
39.124
39.297
39.271
39.298
39.315
101.682
101.688
101.692
101.621
101.618
101.597
101.429
101.377
101.388
101.387
101.332
101.309
101.310
101.419
101.400
101.377
101.355
140.352
140.494
140.503
140.531
140.583
140.571
140.560
140.550
140.590
140.618
140.629
140.626
140.552
140.557
140.606
140.944
141.004
141.037
141.045
141.078
141.092
141.102
141.121
141.104
141.101
90.948
90.913
90.921
91.003
91.032
91.088
91.090
91.094
91.123
91.102
91.096
91.086
91.099
91.125
91.144
91.153
91.054
56.063
55.666
55.612
55.593
55.579
55.536
55.315
55.336
55.361
5.692
117.838
117.926
117.960
117.899
117.897
117.883
117.881
117.872
117.907
118.151
118.170
118.166
118.154
118.207
118.214
118.239
118.238
118.204
118.193
118.198
135.654
135.591
135.537
135.569
135.549
135.551
135.534
135.530
135.532
135.547
135.540
135.552
135.643
135.577
135.577
135.571
135.594
135.620
135.581
135.592
135.603
135.603
135.775
135.788
135.768
54.122
54.196
54.226
54.247
52.672
52.672
52.671
52.665
158.385
158.454
158.478
158.455
158.435
158.462
158.692
158.742
158.773
158.781
158.803
158.832
158.828
158.831
155.628
155.581
155.574
155.571
155.586
155.583
155.538
155.525
155.535
155.564
155.555
155.451
27.794
27.862
27.855
27.586
27.609
187.930
187.978
187.983
187.978
187.950
187.918
187.920
187.924
187.921
187.878
187.880
187.877
187.863
187.876
187.888
187.887
187.901
187.923
187.902
187.891
187.907
187.914
187.924
187.933
187.942
187.933
187.951
187.954
187.982
188.001
188.035
188.072
188.107
175.145
175.243
175.248
175.249
175.255
175.228
175.251
175.240
175.265
175.283
175.315
175.322
175.337
175.364
175.386
175.367
175.383
175.392
175.396
175.414
175.459
175.457
175.462
175.449
175.447
175.470
175.485
175.511
175.516
175.489
175.499
106.055
105.981
105.966
105.993
105.940
105.937
105.622
105.632
105.613
105.620
105.622
105.632
105.639
105.687
105.732
105.795
105.771
105.789
92.913
92.921
93.005
93.035
93.013
93.025
92.952
92.961
92.992
92.999
92.987
92.974
92.954
92.941
92.889
184.757
186.223
186.243
186.173
186.111
186.120
186.118
186.085
186.076
186.049
189.742
189.863
189.840
189.864
189.872
189.901
189.922
189.946
190.016
190.036
189.997
189.952
189.964
189.965
193.157
193.253
193.234
193.244
193.126
193.042
193.036
172.524
172.459
172.370
172.369
172.378
172.343
172.266
172.218
172.067
171.978
171.967
171.962
171.965
171.987
171.963
171.968
171.960
171.973
172.023
172.030
172.029
172.038
172.062
172.095
172.126
172.063
172.096
172.105
172.131
172.148
172.146
49.779
49.795
49.803
49.846
49.873
49.894
49.888
49.904
115.929
115.881
115.908
115.912
115.923
115.899
115.901
115.898
115.898
115.908
115.981
116.754
116.731
116.733
116.800
116.827
116.823
116.637
116.733
211.469
211.433
211.409
211.325
211.164
211.188
211.189
211.184
211.177
211.169
211.156
211.124
211.143
211.145
211.187
211.192
211.200
211.222
211.232
211.187
211.191
211.188
211.196
211.223
211.269
211.273
211.281
211.274
211.287
211.303
211.311
211.326
211.337
211.538
211.510
211.511
211.515
211.466
32.278
32.272
32.280
166.936
167.018
167.015
166.974
166.959
166.953
166.946
166.945
166.987
166.982
167.004
166.992
167.005
167.018
167.038
167.040
167.039
166.983
166.969
166.920
166.836
166.856
166.784
166.762
166.706
166.716
166.666
166.604
166.544
219.755
219.880
219.887
219.900
219.919
219.911
219.941
219.962
219.966
219.970
219.973
219.987
219.989
219.992
219.977
219.980
219.979
220.006
219.995
219.996
220.005
220.003
219.954
219.859
219.858
219.860
219.861
219.852
219.842
219.834
219.850
219.848
219.861
219.870
219.864
219.869
219.867
219.852
219.863
219.850
219.865
158.516
158.778
158.793
158.797
158.787
158.806
158.796
158.743
158.731
158.735
158.753
158.763
158.787
158.782
158.819
158.828
158.830
158.836
158.842
158.855
158.853
158.835
158.843
158.762
158.751
158.750
158.770
160.190
160.230
115.019
115.104
115.132
115.122
115.134
114.919
114.728
114.747
114.759
114.791
114.878
114.889
114.844
114.819
114.778
114.576
114.689
114.676
114.677
114.672
46.290
46.238
46.227
46.190
46.121
46.066
92.023
91.784
91.798
91.809
91.825
91.825
91.852
92.089
92.155
92.162
92.136
92.145
92.159
92.170
92.252
168.913
168.939
168.959
168.893
168.883
168.885
168.874
168.892
168.896
168.889
168.891
168.876
168.884
168.895
168.927
168.942
168.962
168.978
168.920
168.907
168.937
168.930
168.862
168.864
168.677
168.679
168.689
168.688
168.556
221.906
222.008
222.018
222.008
222.048
222.053
222.067
222.051
222.070
222.088
222.104
222.119
222.150
222.162
222.213
222.234
222.271
222.318
222.319
222.558
222.563
222.571
222.657
222.663
222.620
222.617
222.647
222.656
222.681
222.676
222.676
222.662
222.610
222.621
222.653
222.673
222.740
222.748
222.748
222.762
222.771
164.926
165.027
165.035
165.041
165.014
165.015
165.021
165.045
165.058
165.034
165.026
165.012
164.950
164.958
164.943
164.956
164.964
164.997
165.018
165.014
165.024
165.033
165.008
165.017
165.022
165.092
165.086
165.058
165.099
29.906
31.590
31.638
31.762
31.814
193.663
193.692
193.669
193.824
193.827
193.834
193.849
193.870
193.876
193.869
193.865
193.869
193.860
193.910
193.883
193.702
193.710
193.684
193.656
193.653
193.677
193.698
193.719
193.720
193.909
194.090
194.015
194.019
194.029
198.062
198.070
198.101
198.100
198.090
198.058
198.059
20.352
20.354
20.339
129.481
129.543
129.556
129.562
129.581
129.605
130.226
130.252
130.258
130.322
130.339
130.326
130.331
130.285
130.289
130.227
130.252
130.245
130.245
130.258
130.279
130.269
130.263
130.264
30.172
30.223
30.224
30.309
30.313
15.187
15.102
62.417
62.384
62.389
65.657
65.741
65.501
65.623
65.735
65.885
66.015
87.428
87.330
87.353
87.345
87.324
87.321
87.339
87.373
87.374
109.998
110.143
110.218
110.244
110.279
110.326
110.353
110.394
110.379
110.456
110.452
110.500
110.579
110.625
110.676
110.716
110.842
110.895
181.783
178.711
178.646
178.601
178.560
178.515
178.524
178.277
178.280
178.250
178.238
178.231
178.238
178.225
178.217
178.211
178.157
178.169
178.168
178.172
178.153
178.141
178.118
178.128
178.128
178.127
178.118
178.131
178.116
176.500
176.492
27.905
27.863
107.401
107.390
107.416
107.431
107.416
107.426
107.435
107.462
107.471
107.470
107.495
107.516
107.509
107.511
107.493
107.476
107.486
107.482
107.469
107.143
105.235
105.430
105.433
105.438
105.425
105.287
105.228
105.217
105.194
105.188
105.206
105.213
105.221
105.211
105.229
105.248
105.281
183.965
184.031
184.028
184.050
184.059
184.116
184.189
184.215
184.222
184.241
184.311
184.403
184.450
184.467
184.469
184.456
184.517
184.532
184.526
184.518
184.534
184.735
184.612
184.606
184.635
184.628
184.644
184.579
184.516
184.483
184.405
184.370
184.431
203.813
203.854
204.043
204.104
204.133
204.144
204.139
204.148
204.152
204.137
204.168
204.147
204.179
204.189
204.216
204.234
204.227
204.225
204.282
204.296
204.299
204.303
204.308
204.290
204.286
204.294
204.296
204.321
204.288
204.299
204.313
204.268
204.269
204.255
204.273
204.288
204.334
118.204
118.192
118.196
118.192
118.219
118.243
118.239
118.251
118.273
118.297
118.298
118.290
118.304
118.283
118.233
117.710
117.711
117.707
117.735
117.743
53.298
53.262
53.259
53.233
53.242
53.212
53.249
53.280
44.480
44.514
44.565
44.586
44.616
202.652
202.608
202.596
202.591
202.594
202.385
202.333
202.181
202.117
202.091
202.080
202.080
202.079
202.075
202.074
202.084
202.081
202.067
202.028
202.037
202.030
202.030
202.035
202.043
202.018
201.991
201.991
201.980
201.974
201.983
202.008
202.004
202.014
202.043
202.044
202.045
202.036
177.966
178.040
178.054
178.065
178.098
178.135
178.170
178.275
178.300
178.317
178.353
178.398
178.417
178.441
178.345
178.386
178.441
178.498
178.522
178.566
178.593
178.594
178.594
178.615
178.648
178.669
178.685
178.728
178.765
178.964
179.023
179.057
179.068
210.646
210.689
210.521
210.539
210.552
210.589
209.910
210.106
210.114
210.123
210.076
209.960
209.887
209.894
209.849
209.819
209.779
209.748
209.741
209.718
209.726
209.734
209.741
209.751
209.735
209.739
209.766
209.784
209.778
209.786
209.808
209.761
209.755
209.780
209.823
209.832
209.842
187.994
188.097
188.108
188.121
188.115
188.129
188.122
188.127
188.146
188.145
188.157
188.115
188.103
188.110
188.089
188.099
188.094
188.091
188.098
188.098
188.112
188.110
188.064
188.061
188.077
188.104
188.088
188.099
188.091
188.063
188.101
188.115
188.109
218.157
218.305
221.923
221.969
221.933
221.951
221.965
221.977
221.986
222.001
222.006
222.009
221.976
221.995
222.032
222.039
222.052
222.062
222.056
222.055
222.052
222.048
222.009
222.026
222.024
222.011
222.029
222.041
222.030
222.031
222.015
222.063
222.071
222.044
222.054
222.070
222.069
184.705
184.816
184.822
184.802
184.574
184.579
184.575
184.588
184.599
184.605
184.614
184.618
184.638
184.636
184.655
184.674
184.686
184.687
184.706
184.724
184.732
184.715
184.699
184.730
184.766
184.793
184.789
184.790
184.804
184.819
184.832
184.842
184.827
11.485
11.418
16.879
16.887
98.570
98.569
98.547
98.293
98.316
98.325
98.331
98.398
98.438
98.442
98.432
98.420
98.671
100.642
100.636
100.672
289.377
291.578
291.591
291.572
291.572
291.567
291.558
291.526
291.521
291.553
291.545
291.549
291.555
291.547
291.539
291.479
291.452
291.474
291.476
291.470
291.447
291.415
291.402
291.407
291.376
291.373
291.372
291.377
291.383
291.369
291.384
291.395
291.369
291.362
291.364
291.378
291.408
291.374
291.376
291.371
291.365
291.386
291.342
291.341
291.352
291.348
291.349
291.336
291.337
291.305
291.296
291.289
291.301
291.317
88.915
89.121
89.078
89.078
89.083
89.087
89.060
89.071
89.139
89.231
89.245
89.268
89.199
89.205
89.235
89.247
5.679
6.372
44.623
44.410
44.398
44.397
44.380
44.375
44.400
44.624
251.222
253.515
253.538
253.514
253.516
253.514
253.552
253.558
253.570
253.594
253.617
253.604
253.615
253.630
253.654
253.719
253.729
253.700
253.722
253.743
253.758
253.769
253.788
253.810
254.426
254.473
254.498
254.513
254.526
254.709
254.684
254.496
254.477
254.494
254.531
254.532
254.554
254.571
254.556
254.567
254.555
254.567
254.596
254.586
254.626
254.625
254.656
40.748
40.910
40.324
40.313
40.322
40.329
40.331
48.752
46.146
46.137
46.180
46.202
46.190
46.192
46.216
11.298
43.909
43.903
43.834
43.814
43.815
43.833
43.827
6.848
151.951
151.398
151.520
151.561
151.549
151.540
151.552
151.567
151.580
151.586
151.400
151.338
151.348
151.352
151.342
151.359
151.369
151.359
151.238
151.164
151.184
151.185
150.211
150.206
150.217
120.140
117.636
117.499
117.482
117.427
117.384
117.358
117.351
117.340
117.303
117.257
117.185
117.173
117.134
117.069
117.047
117.038
117.052
89.300
88.917
88.880
88.859
88.850
88.861
88.856
88.854
88.856
88.848
88.886
88.901
88.907
88.901
88.915
75.159
75.158
75.341
75.345
75.352
75.379
75.389
75.376
75.367
75.446
75.495
75.493
148.898
148.734
148.737
148.755
149.119
149.315
149.305
149.304
149.298
149.302
149.295
149.314
149.317
149.329
149.345
149.355
149.368
149.362
149.320
149.348
149.427
149.426
149.503
149.447
149.343
103.746
103.769
103.760
103.734
103.745
103.732
103.687
103.089
103.332
103.329
103.324
103.311
103.309
102.847
102.827
102.816
102.816
102.792
148.446
148.527
148.519
148.513
148.513
148.523
148.535
148.328
148.337
148.356
148.357
148.345
148.348
148.363
148.385
148.356
148.361
148.496
148.534
148.539
148.543
148.544
148.507
148.512
148.516
148.516
148.515
245.036
245.130
245.137
245.106
245.103
245.111
245.118
245.094
245.097
245.151
245.163
245.163
245.176
245.188
248.765
248.812
248.832
248.864
248.897
248.910
248.926
248.952
248.965
248.962
248.968
248.962
248.969
248.972
248.990
249.013
249.058
249.066
249.088
249.101
249.080
249.082
249.097
249.103
248.327
248.314
248.318
248.304
248.290
157.566
157.565
157.582
157.585
157.585
157.591
157.820
157.832
157.839
157.836
157.886
157.892
157.898
157.857
157.862
157.854
157.860
157.880
157.899
157.926
157.930
157.945
157.965
157.976
157.981
158.114
159.325
157.987
158.013
157.970
157.958
157.955
157.949
157.952
157.943
157.946
157.943
157.947
157.987
158.006
157.932
157.887
157.898
157.899
157.898
157.907
157.862
157.861
157.849
157.768
157.750
157.747
157.552
157.557
157.535
157.513
93.290
93.282
93.282
93.256
93.235
93.226
93.049
93.014
93.027
93.025
93.025
93.007
92.984
92.984
155.506
155.575
155.589
155.592
155.536
155.503
155.479
155.484
155.486
155.440
155.412
155.602
155.568
155.564
155.601
155.594
155.701
155.784
155.787
155.809
155.814
155.819
155.818
155.822
155.828
155.829
155.835
158.458
158.507
158.509
158.511
158.509
158.606
158.632
158.729
158.776
158.833
158.829
158.841
158.859
158.895
158.902
158.909
158.894
158.934
158.949
158.956
158.967
158.988
158.927
158.963
159.264
159.330
159.353
159.376
159.376
249.020
249.100
249.131
249.322
249.316
249.321
249.293
249.297
249.128
249.139
249.139
249.153
249.154
249.179
249.177
249.189
249.200
249.186
249.196
249.199
249.194
249.183
249.171
249.171
249.171
249.158
249.177
249.171
249.175
249.177
249.149
249.111
249.110
249.091
249.094
249.254
249.269
249.244
249.247
249.232
249.232
45.414
44.577
44.577
44.573
44.587
44.589
44.397
44.401
21.061
20.992
68.296
68.160
68.162
68.146
68.124
68.126
68.129
68.131
68.132
68.136
68.139
68.156
43.677
43.650
43.579
43.594
43.602
43.735
43.875
241.498
241.809
241.810
241.814
241.814
241.830
241.837
241.842
241.788
241.774
241.770
241.758
241.749
241.729
241.695
241.654
241.647
241.575
241.512
241.478
241.462
241.470
241.473
241.475
241.466
241.450
241.470
241.515
241.525
241.522
241.522
241.603
241.605
241.582
241.585
238.324
238.416
238.395
238.392
238.370
238.363
163.226
163.331
163.333
163.340
163.384
163.440
163.506
163.545
163.583
163.624
163.621
165.034
165.066
165.103
165.127
165.165
165.226
165.255
165.285
165.328
165.352
165.380
165.437
165.473
165.494
165.534
165.571
165.610
165.622
10.671
10.693
121.421
121.418
121.412
121.420
121.414
121.427
121.433
121.411
121.381
121.368
121.390
121.355
121.352
121.373
121.379
121.378
121.193
121.199
121.208
121.138
121.126
106.306
106.131
106.095
106.081
106.115
106.450
106.451
106.458
106.453
106.453
106.455
106.482
106.488
106.476
106.460
106.450
106.464
106.568
182.611
182.538
182.532
182.542
182.535
182.531
182.536
182.753
182.769
182.819
182.810
182.820
182.829
182.829
182.823
182.822
182.822
182.742
182.751
182.745
182.749
182.774
182.710
182.649
182.668
182.646
182.660
182.676
182.535
182.543
182.537
212.129
212.218
212.649
212.659
212.650
212.653
212.638
212.640
212.632
212.639
212.657
212.642
212.628
212.646
212.645
212.634
212.599
212.583
212.565
212.547
212.539
212.523
212.519
212.521
212.539
212.569
216.145
216.188
216.210
216.238
216.268
216.277
216.296
216.326
216.345
216.332
216.317
216.365
216.378
191.441
191.741
191.715
191.707
191.732
191.736
191.730
191.710
191.718
191.734
191.752
191.745
191.745
191.779
191.783
191.781
191.777
191.799
191.797
191.790
191.747
191.746
191.753
191.770
191.773
191.697
191.612
191.586
191.583
191.583
191.561
241.988
242.053
242.052
242.051
242.060
242.055
242.052
242.073
242.093
242.094
242.091
242.089
242.111
242.115
242.272
242.270
242.263
242.249
242.248
242.237
242.245
242.279
242.297
242.139
242.128
242.161
242.066
242.035
242.031
241.963
241.973
241.971
241.937
241.939
241.921
241.919
241.917
241.905
241.916
178.881
178.957
178.964
178.963
178.968
178.999
178.996
178.989
178.974
178.961
178.944
178.930
178.873
178.859
178.854
178.844
178.840
178.881
178.879
178.947
178.932
178.854
178.858
178.877
178.859
178.823
178.828
178.825
178.971
178.979
178.922
6.416
108.570
107.411
107.501
107.558
107.578
107.584
107.614
107.459
107.411
107.410
107.406
107.413
107.428
107.432
107.335
107.289
107.323
114.759
111.815
111.680
111.535
111.486
111.442
111.449
111.259
111.315
111.308
111.241
111.203
111.227
111.173
111.148
111.207
111.215
39.432
39.393
39.365
39.422
198.187
198.237
198.254
198.270
198.281
198.249
198.250
198.282
198.298
198.305
198.297
198.300
198.277
198.274
198.266
198.243
198.238
198.227
198.204
198.173
198.164
198.156
198.128
198.138
198.128
198.187
198.188
198.215
198.203
198.194
198.177
198.177
136.309
136.336
136.324
136.298
136.298
136.410
136.403
136.442
136.438
136.457
136.451
136.438
136.451
136.463
136.452
136.462
136.392
136.376
136.379
136.387
136.373
136.385
136.404
136.410
47.664
47.257
47.236
46.930
46.938
46.974
46.973
46.961
37.178
37.149
37.096
37.261
37.268
180.064
180.145
180.141
180.146
180.157
180.164
180.176
180.150
180.135
180.143
180.167
180.173
180.136
180.140
180.147
180.125
180.077
180.040
179.993
179.936
179.927
179.933
179.929
179.956
179.945
179.920
179.923
179.923
179.926
179.939
179.937
179.938
218.260
218.262
218.260
218.262
218.269
218.247
218.240
218.241
218.212
218.209
218.211
218.206
218.231
218.245
218.267
218.261
218.287
218.313
218.287
218.273
218.291
218.286
218.296
218.247
218.249
218.248
218.243
218.210
217.967
217.958
217.948
217.952
218.069
218.058
218.029
218.044
218.027
218.034
182.337
182.362
182.366
182.404
182.369
182.361
182.373
182.386
182.399
182.370
182.336
182.397
182.480
182.561
182.618
182.723
182.808
182.889
182.981
183.077
183.170
183.270
183.354
183.448
183.531
183.640
183.747
183.831
183.917
183.992
184.110
189.008
216.935
216.723
216.600
216.545
216.481
216.499
216.502
216.434
216.418
216.444
216.478
216.486
216.478
216.403
216.319
216.214
216.086
216.075
216.068
216.067
216.056
216.050
216.034
216.030
216.010
216.003
216.014
216.025
216.037
216.035
216.039
216.044
216.072
216.065
216.077
216.063
216.065
216.071
179.891
179.961
183.270
183.273
183.293
183.290
183.299
183.288
183.274
183.297
183.299
183.309
183.306
183.252
183.249
183.271
183.238
183.263
183.275
183.264
183.301
183.307
183.286
183.266
183.299
183.290
183.278
183.269
183.256
183.273
183.270
186.989
22.852
22.752
22.728
22.757
87.742
87.748
87.577
87.545
87.560
87.575
87.615
87.614
87.620
87.398
87.277
87.278
87.088
87.065
88.490
88.441
88.442
88.445
88.425
88.411
88.447
88.440
88.224
88.238
88.235
88.279
88.267
88.275
210.266
210.330
210.124
210.088
210.070
210.218
210.215
210.200
210.168
210.159
210.133
210.110
210.131
210.196
210.172
210.171
210.177
210.165
210.185
210.177
210.079
210.014
209.969
209.968
209.959
209.937
209.935
209.963
210.031
210.049
210.092
210.122
210.132
210.126
210.127
210.143
210.138
210.118
190.652
190.719
190.704
190.726
190.730
190.710
190.714
190.742
190.727
190.716
190.724
190.751
190.783
190.784
190.773
190.787
190.724
190.745
190.732
190.732
190.726
190.730
190.743
190.748
190.784
190.434
190.451
190.456
190.434
190.486
190.446
190.443
217.515
217.610
217.608
217.584
217.584
217.582
217.591
217.551
217.392
217.405
217.413
217.410
217.369
217.338
217.332
217.340
217.340
217.315
217.302
217.322
217.345
217.344
217.342
217.355
217.356
217.334
217.301
217.307
217.351
217.336
217.347
217.342
217.317
217.313
217.357
217.361
217.355
217.364
319.757
319.846
323.131
323.125
323.108
323.115
323.126
323.054
323.056
323.079
323.094
323.109
323.108
323.118
323.119
323.157
323.157
323.168
322.955
322.947
322.950
322.956
322.976
322.988
322.993
322.955
322.954
322.971
322.970
322.979
323.011
323.040
246.168
246.275
249.853
249.982
250.060
250.143
250.281
250.351
250.486
250.646
250.769
251.131
251.255
251.413
251.521
251.652
251.791
251.905
251.993
252.140
252.017
252.128
252.236
252.317
252.438
252.576
252.692
252.811
252.929
253.074
253.193
253.302
253.386
253.502
253.548
253.683
253.799
253.936
273.534
273.357
273.219
273.151
272.969
272.813
272.654
272.475
272.264
272.150
272.011
271.802
271.649
271.463
271.300
271.147
270.988
270.814
270.620
270.450
270.445
270.252
270.092
269.911
269.740
269.576
269.383
269.252
269.085
268.900
268.750
268.537
58.746
58.790
59.280
59.286
59.303
59.124
58.994
58.994
59.433
59.437
19.323
161.983
162.024
162.037
162.033
162.038
162.025
162.017
162.040
162.046
162.060
162.021
162.015
161.988
161.988
161.968
161.961
161.959
161.983
161.973
161.986
161.992
161.978
162.014
162.000
162.035
162.056
162.037
273.526
273.605
273.643
273.678
273.683
273.685
273.710
273.725
273.721
273.724
273.753
273.768
273.776
273.770
273.768
273.786
273.723
273.700
273.689
273.659
273.409
273.426
273.436
273.441
273.443
273.439
273.483
273.490
273.485
273.480
273.518
273.560
273.569
273.567
273.567
273.583
273.649
273.633
273.631
273.576
273.482
273.492
273.483
186.348
186.446
186.469
186.463
186.451
186.458
186.427
186.416
186.435
186.431
186.429
186.427
186.389
186.377
186.364
186.366
186.366
186.375
186.376
186.384
186.404
186.406
186.401
186.397
186.469
186.465
186.483
286.959
287.056
287.062
287.058
287.022
287.020
287.035
287.052
287.095
287.108
287.069
287.067
287.069
287.093
287.127
287.138
287.133
287.135
287.129
287.131
287.141
287.149
287.155
287.184
287.177
287.164
287.161
287.191
287.204
287.197
287.197
287.196
287.173
287.186
287.180
287.178
287.180
287.192
287.226
287.209
287.205
287.201
290.786
160.794
160.855
164.278
164.294
164.283
164.290
164.308
164.343
164.330
164.332
164.368
164.374
164.481
164.551
164.566
164.575
162.925
162.906
162.892
162.877
163.051
163.081
163.103
163.066
163.047
163.040
163.054
127.115
127.333
133.112
133.143
133.153
133.174
133.170
133.178
133.157
133.074
133.126
133.130
133.109
133.111
133.123
133.105
133.103
133.069
133.043
133.041
132.996
132.993
126.226
126.312
126.331
126.132
126.157
126.157
126.129
126.138
126.071
125.988
125.976
125.962
125.965
125.957
126.051
126.043
125.799
125.671
125.647
125.632
125.675
166.791
166.880
166.893
166.926
166.949
166.943
166.957
167.103
167.139
167.148
167.146
167.139
167.135
167.135
167.141
167.156
167.183
167.213
167.270
167.288
167.280
167.274
167.260
167.233
167.223
167.183
167.174
139.668
139.673
139.697
139.718
139.734
139.749
139.724
139.754
139.776
139.681
139.602
139.489
139.404
139.334
139.249
139.180
139.066
139.002
139.045
139.029
139.067
139.016
288.077
288.175
288.161
288.128
288.098
288.105
288.131
288.112
288.108
288.109
288.100
288.093
288.084
288.098
288.072
288.069
288.069
288.064
288.019
288.007
288.001
287.980
287.967
287.966
287.988
287.990
287.975
287.974
287.887
287.835
287.889
287.892
287.868
287.859
287.870
287.869
287.866
287.878
287.871
287.883
287.848
287.849
287.854
287.844
287.843
287.848
287.841
287.831
132.673
132.703
132.729
132.735
132.722
132.727
132.746
132.808
132.857
132.864
132.873
132.902
132.901
132.926
132.936
132.939
132.949
132.945
133.184
133.159
133.172
133.200
59.904
60.590
60.634
60.662
61.294
61.391
61.448
61.483
61.536
18.195
166.453
166.455
166.461
166.451
166.430
166.426
166.380
166.375
166.382
166.391
166.310
166.275
166.272
166.290
166.287
166.151
165.990
165.872
165.739
165.642
165.597
165.316
165.112
164.786
164.667
164.631
78.890
78.834
78.820
78.827
78.879
78.861
78.849
79.100
79.133
79.195
79.211
181.226
181.265
181.267
181.282
181.290
181.265
181.247
181.234
181.166
181.141
181.161
181.186
181.167
181.197
181.225
181.212
181.216
181.427
181.448
181.479
181.471
181.475
181.457
181.447
181.444
181.440
181.404
181.406
181.405
181.395
181.371
181.344
170.908
170.933
170.950
170.950
170.953
170.958
170.951
170.981
171.005
170.999
170.996
170.996
171.010
170.953
170.900
170.805
170.752
170.902
170.845
170.808
170.747
170.703
170.652
170.583
170.536
170.490
170.436
50.261
50.335
50.341
50.327
50.273
50.266
50.254
50.267
50.085
46.018
46.057
46.022
46.022
46.019
46.027
46.029
46.029
20.689
20.677
20.500
138.362
138.355
138.364
138.337
138.336
138.322
138.339
138.332
138.322
138.281
138.301
138.313
138.305
138.306
138.326
138.360
138.332
138.332
138.100
138.040
137.995
137.979
137.994
137.986
40.758
40.750
40.751
40.735
40.568
211.655
211.697
211.456
211.450
211.410
211.404
211.397
211.415
211.400
211.287
211.232
211.210
211.202
211.173
211.167
211.166
211.130
211.124
211.115
211.115
211.149
211.136
211.334
211.350
211.383
211.392
211.400
211.389
211.371
211.340
211.339
211.342
211.139
211.131
211.150
211.093
23.350
12.529
12.527
31.455
31.433
31.423
31.425
31.423
25.062
24.637
24.597
24.391
33.636
33.469
33.467
33.446
43.556
43.842
43.880
43.948
43.997
43.989
44.001
253.812
253.838
253.839
253.847
253.849
253.833
253.832
253.850
253.842
253.860
253.785
253.781
253.522
253.490
253.496
253.484
253.476
253.468
253.466
253.473
253.487
253.481
253.525
253.562
253.577
253.593
253.588
253.590
253.589
253.565
253.538
253.526
253.575
253.632
253.704
253.695
147.379
147.395
147.383
147.379
147.372
147.367
147.353
147.351
147.362
147.526
147.534
147.523
147.517
147.526
147.423
147.395
147.388
147.353
147.283
147.227
147.244
147.251
147.260
147.269
147.257
147.169
22.312
21.992
21.992
12.857
12.758
8.157
44.095
44.169
44.168
44.168
44.172
44.163
44.164
122.563
122.631
122.624
122.626
122.631
122.634
122.632
122.631
122.439
122.306
122.136
122.117
122.123
122.080
122.069
121.956
121.922
121.920
121.915
265.462
266.207
266.282
266.298
266.328
266.354
266.372
266.383
266.451
266.470
266.484
266.488
266.504
266.544
266.558
266.574
266.588
266.603
266.656
266.649
266.655
266.649
266.673
266.648
266.671
266.713
266.780
266.798
266.773
266.796
266.805
266.822
266.832
266.838
266.854
266.855
266.872
266.887
93.370
93.382
93.315
93.205
93.153
93.107
93.105
93.176
93.169
93.172
93.153
92.735
92.721
92.550
92.538
60.645
60.709
60.715
60.858
61.126
61.137
61.143
61.131
61.157
61.195
46.872
46.331
46.329
44.887
44.838
44.852
45.065
45.051
135.977
136.109
136.172
136.117
136.034
136.029
136.041
136.078
136.075
136.079
136.079
136.098
136.121
136.124
136.109
136.123
136.158
136.142
136.156
136.203
136.187
136.197
136.198
136.194
136.195
19.533
19.627
19.569
5.661
5.988
38.545
38.550
37.792
37.335
37.303
37.257
52.443
52.415
52.416
52.419
52.474
52.542
52.594
52.595
52.607
62.772
62.808
62.852
62.891
62.908
62.939
62.965
63.000
63.031
62.990
62.963
5.418
35.563
35.432
35.432
35.250
35.982
35.999
23.845
23.989
68.751
68.815
68.871
68.812
68.727
68.703
68.679
119.006
118.987
118.682
118.509
118.505
119.066
119.015
119.022
118.912
118.979
118.959
118.955
137.304
137.097
137.004
136.896
136.777
136.664
136.567
136.433
136.319
136.409
135.595
135.454
135.361
135.200
135.073
134.974
94.570
94.597
94.602
94.527
94.589
94.789
94.779
94.789
94.777
94.786
94.794
94.815
94.824
94.841
94.865
94.888
94.871
89.563
89.732
89.739
89.773
89.789
90.005
90.020
90.006
90.025
90.022
90.033
89.990
90.015
89.860
89.876
89.868
11.438
12.037
41.203
41.211
41.247
41.278
41.249
41.239
41.234
155.857
155.962
155.966
155.967
155.709
155.586
155.588
155.585
155.600
155.614
155.534
155.525
155.379
155.255
155.239
155.241
155.228
155.210
155.196
155.190
155.165
155.197
155.209
155.195
155.328
155.240
155.140
155.052
83.771
83.949
84.100
84.165
84.182
84.208
84.226
84.279
84.295
84.070
84.114
84.107
84.148
84.237
48.323
48.271
48.200
48.209
48.177
48.150
48.159
200.345
201.003
201.171
201.304
201.523
202.628
202.739
202.790
202.888
202.967
202.983
203.062
203.158
203.239
203.412
203.468
203.552
203.614
203.689
203.771
203.849
317.106
317.047
316.968
316.882
317.084
319.114
318.956
318.848
318.747
318.653
318.311
318.197
317.991
317.820
316.911
316.823
315.505
315.349
315.210
315.098
314.984
313.361
313.230
313.148
312.824
312.710
312.597
312.519
312.349
311.720
311.570
310.746
310.642
310.526
310.479
310.419
310.254
310.190
310.126
310.043
309.940
309.854
309.745
309.670
309.571
308.604
308.470
308.361
308.277
121.374
121.467
121.502
121.503
121.504
121.538
121.565
121.577
121.600
121.615
121.654
121.878
121.869
121.873
121.877
121.868
121.894
121.936
122.009
122.022
122.037
46.898
46.884
43.178
43.180
43.140
43.132
216.501
216.541
216.569
216.589
216.580
216.591
216.591
216.628
216.644
216.609
216.600
216.624
216.641
216.655
216.669
216.522
216.447
216.494
216.466
216.553
216.588
216.589
216.558
216.710
216.728
216.735
216.743
216.771
216.799
216.822
216.834
216.844
216.829
216.838
216.854
219.675
219.704
219.738
219.770
44.035
44.037
44.012
44.035
160.480
160.584
160.598
160.597
160.595
160.648
160.683
160.642
160.479
163.103
163.120
163.275
163.251
163.264
163.287
163.293
163.298
159.595
159.471
159.314
159.268
159.078
159.037
158.954
158.988
158.949
158.935
241.110
241.140
241.343
240.400
240.373
240.393
240.375
240.358
240.352
240.362
240.338
240.325
240.324
240.378
240.426
240.400
240.419
240.425
240.435
240.462
240.467
240.434
240.438
240.476
240.502
240.509
240.511
240.503
240.495
240.503
240.491
240.564
240.592
240.614
240.606
240.620
240.628
240.802
240.789
240.785
240.782
240.789
240.795
151.055
151.095
153.317
153.344
153.550
153.469
153.424
153.426
153.444
153.410
153.418
153.441
153.460
153.475
153.477
153.470
153.478
153.442
153.451
153.461
153.458
153.479
153.490
153.519
153.516
153.510
153.518
233.812
233.918
233.918
233.864
233.881
233.929
233.958
234.007
234.086
234.069
234.042
234.082
234.134
234.137
234.136
234.063
234.052
234.245
234.257
234.270
234.330
234.322
234.265
234.261
234.266
234.290
234.295
234.307
234.340
234.359
234.384
234.373
234.373
234.373
234.385
234.392
234.387
234.381
234.401
234.388
234.345
234.313
21.952
151.987
152.077
152.083
152.081
152.274
152.254
152.260
152.279
152.322
152.328
152.312
152.295
152.318
152.349
152.332
152.329
152.334
152.357
153.013
153.067
153.103
153.124
153.150
153.227
153.259
153.277
153.291
29.731
29.188
29.178
29.186
29.140
16.019
16.043
17.592
17.608
149.560
149.576
149.529
149.408
146.352
146.330
146.303
146.304
146.294
146.298
146.540
146.576
146.644
146.677
146.711
146.718
146.717
146.781
146.714
146.660
146.690
146.738
146.772
146.797
231.966
231.975
231.976
231.976
231.969
231.961
232.214
232.248
232.287
232.282
232.256
232.283
232.284
232.308
232.341
232.339
232.325
232.337
232.377
232.371
230.249
230.131
230.113
230.083
230.054
230.042
230.059
230.050
230.061
230.053
230.068
230.116
230.081
230.060
230.035
230.012
230.007
201.857
201.882
201.880
201.867
201.901
202.090
202.153
202.172
202.177
202.200
202.241
202.290
202.300
202.574
202.581
202.608
202.608
202.626
202.636
202.648
202.778
202.837
202.852
202.859
202.870
202.884
202.875
202.697
202.699
202.747
202.761
202.797
202.829
211.292
213.218
213.240
213.264
213.256
213.255
213.266
213.268
213.271
213.381
213.414
213.429
213.419
213.422
213.447
213.456
213.401
213.354
213.357
213.346
213.345
213.349
213.337
213.346
213.363
213.391
213.385
213.379
213.361
213.361
213.356
213.169
213.157
213.271
213.237
213.201
213.194
189.094
189.167
189.175
189.197
189.166
189.164
189.182
189.184
189.185
189.181
189.195
189.184
189.199
189.207
189.208
189.215
189.206
189.201
189.196
189.240
189.348
189.377
189.426
189.424
189.393
189.404
189.437
189.448
189.509
189.534
189.532
189.521
189.525
224.302
224.384
224.425
224.446
224.441
224.410
224.373
224.347
224.352
224.344
224.364
224.357
224.324
224.318
224.325
224.323
224.329
224.328
224.331
224.318
224.334
224.381
224.368
224.398
224.397
224.396
224.404
224.428
224.440
224.417
224.372
224.376
224.385
224.407
224.405
224.407
224.435
187.268
187.368
187.357
187.384
187.366
187.261
187.156
187.141
187.195
187.210
187.201
187.205
187.176
187.192
187.202
187.147
187.044
186.941
186.741
186.716
186.684
186.684
186.627
186.611
186.634
186.638
186.589
186.647
186.658
186.658
186.659
186.631
186.643
224.306
224.371
224.370
224.379
224.362
224.332
224.323
224.322
224.327
224.366
224.375
224.341
224.357
224.361
224.570
224.583
224.586
224.645
224.703
224.686
224.456
224.451
224.454
224.460
224.455
224.470
224.480
224.506
224.458
224.370
224.340
224.361
224.362
224.356
224.375
224.339
224.331
188.534
188.656
188.892
188.967
188.947
188.997
189.013
189.022
189.064
189.074
189.128
189.146
189.152
189.175
189.193
189.193
189.243
189.270
189.312
189.317
189.288
189.290
189.289
189.286
189.273
189.256
189.278
189.247
189.260
189.289
189.328
189.352
189.359
224.991
225.169
225.174
225.202
225.244
225.465
225.445
225.446
225.385
225.376
225.374
225.278
225.219
225.201
225.222
225.184
225.173
225.162
225.151
225.148
222.777
222.715
222.661
222.626
222.620
222.594
222.626
222.586
222.527
222.538
222.549
222.555
222.521
222.466
222.461
222.535
222.574
195.683
195.721
195.724
195.702
195.731
195.729
195.687
195.598
195.586
195.604
195.815
195.777
195.733
195.735
195.762
195.779
195.767
195.753
195.825
195.880
195.887
195.881
195.876
195.886
195.844
195.790
195.790
195.748
195.747
195.743
195.712
195.474
195.477
68.845
68.687
68.703
68.705
68.700
68.711
68.718
68.694
68.681
68.693
68.697
68.698
68.759
