466.824
464.887
464.101
463.448
463.044
462.442
462.120
462.113
462.109
462.021
461.382
461.209
461.153
460.792
460.797
460.195
458.937
458.916
458.695
459.151
459.065
459.354
459.330
459.334
458.964
458.888
458.542
458.119
458.561
458.595
458.418
457.975
456.784
456.645
456.580
456.642
456.600
456.612
456.578
456.500
457.094
457.070
456.917
456.458
453.431
453.379
453.344
453.044
452.995
451.911
453.008
452.955
452.036
451.984
450.812
450.441
450.307
450.056
450.043
449.780
449.048
448.763
448.568
448.452
448.208
449.449
451.654
451.422
451.368
451.063
451.003
450.717
49.248
48.644
48.378
48.085
47.587
47.391
47.190
47.153
7.888
12.245
12.325
68.428
68.489
68.466
68.402
68.321
68.311
68.271
67.977
67.984
67.927
67.864
65.543
26.047
26.444
26.429
26.400
18.706
164.037
164.133
164.125
164.107
164.453
164.459
164.487
164.478
164.475
164.273
164.201
164.148
163.990
163.900
164.089
164.056
164.169
164.109
163.298
163.224
163.192
163.146
163.107
163.076
163.039
163.000
162.780
162.770
162.689
161.587
291.184
287.300
286.020
285.937
285.739
285.696
285.617
285.605
285.672
285.555
285.547
285.505
285.306
285.335
285.273
285.198
285.161
285.137
285.060
285.155
285.125
285.168
285.238
285.050
285.118
285.145
285.198
285.238
285.299
285.333
285.389
285.396
285.387
284.564
284.531
284.515
284.507
282.444
282.392
282.338
282.310
282.331
282.322
282.374
278.675
278.603
278.590
173.965
174.014
173.979
173.975
173.997
173.984
173.999
173.993
174.002
174.002
173.996
173.980
173.951
173.928
173.896
173.864
173.833
173.808
173.812
175.244
175.282
175.331
175.326
175.175
175.045
174.988
174.969
174.738
174.725
174.720
174.723
174.719
174.683
5.814
43.548
43.658
46.306
46.318
46.318
46.284
46.255
46.204
22.887
23.004
22.845
22.720
15.270
16.143
54.350
54.373
54.343
54.354
54.364
54.336
54.117
54.119
54.109
54.116
66.671
66.653
66.641
66.014
65.950
65.933
65.909
65.875
65.862
65.855
65.851
65.837
5.490
22.958
22.964
22.950
22.897
24.541
24.523
24.520
22.411
12.796
11.542
21.083
21.091
21.139
21.235
7.716
16.296
16.427
16.412
5.063
6.767
6.008
62.839
62.849
62.839
60.129
60.006
59.935
53.401
53.400
213.889
213.861
213.834
213.860
213.857
213.857
213.868
213.872
213.860
213.854
213.843
213.843
213.842
213.795
213.791
213.770
213.788
213.823
213.807
213.769
213.742
213.769
213.736
213.917
213.893
213.916
211.580
211.542
211.919
211.895
211.888
211.884
211.920
211.730
211.738
211.711
211.714
211.718
211.697
211.678
35.872
35.853
35.931
101.567
101.370
101.186
101.053
100.931
100.794
100.644
100.501
100.338
100.202
100.060
99.897
6.389
7.726
11.438
10.082
85.984
85.913
85.907
85.834
85.797
85.787
85.785
85.750
85.768
85.715
85.652
85.580
85.539
85.541
85.568
85.544
29.247
29.196
29.188
29.186
40.671
40.524
40.520
40.508
40.486
40.495
142.131
143.212
143.082
143.023
143.034
143.109
143.127
143.143
143.135
143.174
143.190
143.210
143.233
143.259
143.239
143.226
143.206
143.105
143.002
143.003
144.614
144.681
144.712
144.753
144.794
144.803
141.451
141.451
140.355
141.330
141.318
148.589
139.885
139.834
139.857
139.825
139.855
139.860
139.856
139.862
139.911
139.919
140.042
140.125
140.155
140.204
140.213
140.265
140.316
16.124
16.158
16.165
10.635
71.134
71.164
71.150
71.146
70.361
70.332
70.330
70.297
70.292
70.319
70.336
70.339
56.291
56.359
56.373
56.384
56.379
56.373
56.366
56.321
56.306
56.256
134.454
134.507
134.509
134.493
134.488
134.491
134.464
134.405
134.396
134.392
134.382
134.346
134.320
134.298
134.300
134.306
134.300
134.290
134.326
134.340
134.333
134.331
134.330
134.331
134.288
134.275
134.241
67.891
67.804
67.807
67.922
68.033
68.080
68.105
68.111
68.096
68.094
68.100
68.108
68.088
70.176
70.171
70.109
70.073
70.102
70.116
70.129
70.157
70.175
70.124
70.105
70.130
95.870
95.910
95.914
95.909
95.908
95.901
95.880
95.890
95.908
95.939
95.922
95.938
95.912
95.900
95.945
95.968
96.008
69.418
69.446
69.443
69.452
69.349
69.356
69.342
69.212
69.146
69.104
69.094
69.072
69.070
65.867
65.933
65.913
65.940
65.931
65.936
65.927
65.932
65.943
65.946
65.904
65.859
5.242
28.236
28.218
28.068
28.036
28.033
24.845
25.027
25.035
43.539
43.539
43.574
43.583
43.604
43.600
43.667
266.927
267.063
267.140
267.132
267.123
267.156
267.202
267.250
267.271
267.280
267.270
267.296
267.264
268.139
268.162
268.265
268.306
268.312
268.414
268.648
268.592
174.728
174.758
174.777
174.786
178.118
178.130
178.208
178.117
178.100
176.680
176.655
176.580
176.534
176.479
176.463
176.444
176.420
176.381
176.538
176.226
176.180
176.118
176.128
176.129
176.150
176.130
176.115
176.095
176.006
175.989
175.953
175.929
175.918
11.173
11.333
11.615
11.624
48.048
48.101
48.115
48.120
48.077
48.085
48.153
48.026
47.919
54.498
54.606
54.643
54.683
54.463
54.498
54.481
54.450
54.429
33.663
33.645
33.670
33.662
33.634
33.657
141.880
141.978
142.021
142.029
142.049
142.093
142.078
142.095
142.103
142.128
142.170
142.232
142.007
142.031
142.081
142.112
142.127
142.168
142.248
142.295
142.310
142.350
142.356
142.385
142.401
142.410
46.984
47.043
47.035
47.033
47.037
47.057
47.060
46.968
66.365
66.431
66.436
66.442
66.443
66.445
66.456
66.413
66.386
66.391
66.425
66.607
73.197
73.272
73.273
73.331
73.373
73.459
73.491
73.608
73.622
73.648
73.883
73.874
73.909
162.694
162.441
162.421
162.395
162.357
162.282
162.258
162.257
162.560
162.564
162.578
162.576
162.565
162.532
162.476
162.509
162.550
162.596
162.558
162.562
162.591
162.590
162.610
162.631
162.691
162.687
162.693
162.666
162.718
162.713
162.648
86.440
86.493
86.503
86.487
86.448
86.405
86.433
86.414
86.351
86.363
86.398
86.395
86.404
86.431
86.650
86.746
70.408
70.377
70.323
70.286
70.294
70.282
70.305
70.315
70.278
70.236
69.200
69.123
68.997
54.407
54.487
54.473
54.489
54.480
54.478
54.536
54.573
54.654
13.374
13.396
7.116
82.350
82.467
82.490
82.784
82.711
82.625
82.616
82.623
82.596
82.827
82.706
82.657
82.565
81.512
81.493
86.551
86.569
86.584
86.667
86.657
86.725
86.340
86.246
86.207
86.233
86.212
90.192
90.252
162.903
162.914
162.953
162.967
162.961
162.978
162.982
162.871
162.903
162.936
162.770
162.819
162.793
162.849
162.846
162.860
162.873
162.981
163.019
163.028
163.100
163.131
163.175
163.188
163.169
163.232
206.132
206.417
206.480
206.482
206.537
206.543
206.535
206.536
205.569
205.547
205.552
205.547
205.544
205.546
205.537
205.546
205.508
205.507
205.539
205.554
205.554
205.554
205.562
205.579
205.572
205.572
205.585
205.562
205.562
209.198
209.303
209.323
209.357
209.370
209.346
209.385
209.507
179.575
179.682
179.675
179.654
179.657
179.636
179.649
179.661
179.677
179.693
179.648
179.822
179.869
179.864
179.908
179.941
179.893
179.890
179.900
180.553
180.567
180.578
180.570
180.591
180.708
180.702
180.692
180.691
180.722
180.727
180.725
180.747
180.765
180.763
227.251
228.295
228.262
228.246
228.245
228.249
228.260
228.234
228.211
228.181
228.182
228.197
228.189
228.172
228.228
228.251
228.288
228.292
228.299
228.308
228.335
228.326
228.311
228.539
228.557
228.596
228.670
228.699
228.936
228.991
229.049
229.051
229.076
229.060
229.061
229.026
229.107
229.190
229.213
229.216
229.015
149.424
149.472
149.482
149.479
149.493
149.518
149.526
149.528
149.522
149.552
149.653
149.688
149.692
149.697
149.723
149.696
149.687
149.698
149.707
149.731
149.733
149.749
149.742
149.964
150.004
150.046
10.892
10.891
32.135
32.061
32.053
32.121
32.122
174.575
174.689
174.678
174.598
174.580
174.590
174.616
174.587
174.569
174.569
174.539
174.515
174.498
174.504
174.502
174.461
174.418
174.203
174.205
174.189
174.174
174.064
174.028
173.979
173.939
173.931
173.944
173.976
174.013
174.018
174.023
174.023
215.355
215.392
215.428
215.383
215.318
215.317
215.289
215.333
215.359
215.358
215.335
215.278
215.287
215.284
215.192
215.169
215.143
215.143
215.156
215.154
214.511
214.514
214.490
214.469
214.455
211.215
211.192
211.159
211.150
211.139
211.095
211.098
211.061
211.056
211.041
211.063
210.993
213.176
213.260
213.281
213.298
213.297
213.304
213.312
213.285
213.293
213.309
213.304
213.314
213.339
213.352
213.342
213.347
213.353
213.364
213.272
213.259
213.236
213.152
213.060
212.918
212.799
212.794
213.034
213.003
213.017
213.028
212.980
212.980
212.980
212.965
213.011
213.021
212.999
213.029
383.422
383.445
383.494
383.592
383.696
384.165
384.235
384.316
384.368
384.432
384.569
384.637
384.625
384.667
384.691
384.752
384.813
384.877
384.910
384.957
385.041
385.113
385.267
385.392
385.481
385.509
385.596
385.683
385.776
385.822
385.858
386.036
386.116
386.198
386.284
386.362
386.501
386.604
386.712
121.955
121.869
121.780
121.714
121.636
121.545
121.405
121.317
121.231
121.155
121.059
120.968
120.883
120.786
120.703
120.670
120.683
120.475
120.756
120.708
120.692
73.641
73.961
73.973
74.037
74.086
74.171
74.189
74.213
74.202
74.173
74.186
74.178
263.340
263.441
263.468
263.493
263.557
263.538
263.552
263.566
263.583
263.698
263.812
263.844
263.842
263.839
263.758
263.747
263.770
263.804
263.832
263.809
263.990
264.045
264.033
264.041
264.056
264.070
264.077
264.063
263.844
263.879
263.876
263.797
263.445
263.265
263.223
263.138
263.001
262.913
262.809
262.701
262.591
266.396
266.427
266.409
266.350
266.222
266.106
160.656
160.635
160.597
160.506
160.452
160.463
160.453
160.270
160.264
160.260
160.238
160.024
159.958
159.938
159.807
159.778
159.771
159.757
159.737
159.745
159.722
159.719
159.679
159.572
159.763
159.698
159.689
159.663
182.539
182.590
182.584
182.569
182.986
183.000
182.917
182.885
182.900
182.672
182.763
182.867
182.864
182.878
182.860
182.851
182.859
182.865
182.882
182.863
182.810
182.801
182.810
182.807
182.800
182.798
182.801
182.785
182.735
182.721
182.690
182.657
182.627
72.227
72.260
72.231
72.214
72.266
72.302
72.359
72.443
72.536
72.579
72.627
72.715
14.310
130.052
129.668
129.557
129.490
129.454
129.450
129.201
129.192
129.212
129.252
129.296
129.264
129.230
129.123
129.106
129.089
129.083
129.060
129.030
129.021
128.970
128.919
128.943
138.400
138.423
138.436
138.451
138.419
138.421
138.410
138.455
138.489
138.536
138.580
138.606
138.617
138.626
138.636
138.641
138.666
138.646
138.653
138.667
138.871
138.877
138.850
138.841
138.852
114.847
114.882
114.895
114.895
114.877
114.910
114.914
114.915
114.919
114.979
115.078
115.096
115.095
115.159
115.233
115.153
115.077
115.088
115.089
115.083
118.316
118.310
118.281
118.236
118.182
118.175
118.150
118.173
118.172
118.147
118.140
118.137
118.122
118.103
118.070
118.014
117.934
117.905
117.879
117.861
117.811
186.046
186.092
186.086
186.049
186.033
186.032
186.035
186.037
186.043
186.001
186.043
185.976
185.982
186.002
186.121
186.269
186.293
186.315
186.331
186.342
186.294
186.274
186.287
186.279
186.305
186.311
186.294
186.129
186.125
186.090
186.104
186.095
186.140
186.153
96.682
96.744
96.732
96.725
96.687
96.651
96.616
96.702
96.692
96.663
96.569
96.601
96.579
98.100
98.109
98.102
98.079
5.837
7.350
27.665
27.692
27.621
27.542
81.766
81.786
81.776
81.786
81.781
81.714
81.541
81.535
81.535
81.535
81.513
81.500
81.530
192.141
192.183
192.233
192.397
192.403
192.414
192.453
192.526
192.530
192.561
192.575
192.583
192.622
192.644
192.655
192.679
192.678
192.715
192.783
192.842
192.842
192.834
192.805
192.856
192.867
192.874
192.876
192.868
192.880
192.878
192.881
192.903
32.939
33.044
33.045
33.055
33.052
33.068
43.998
43.666
43.652
43.633
43.634
43.597
43.495
43.492
21.873
21.943
21.988
21.979
61.622
61.549
61.527
61.537
61.218
61.186
61.182
61.178
61.151
61.132
20.937
20.848
68.477
68.369
68.272
68.227
68.226
68.238
68.408
68.393
68.416
68.393
169.120
169.116
169.098
169.089
169.091
169.091
169.073
169.032
169.039
169.031
169.023
169.054
169.036
169.120
169.197
169.200
169.183
169.192
169.241
169.237
169.247
169.243
169.286
169.288
169.308
169.322
169.321
169.322
39.676
39.652
39.674
39.897
39.915
26.908
233.645
231.232
230.887
230.854
230.814
230.702
230.630
230.510
230.418
230.331
230.242
230.150
230.076
229.991
229.939
231.032
230.968
230.892
230.839
230.878
230.907
230.926
229.442
229.420
229.419
229.286
229.178
229.356
229.343
229.336
229.341
229.320
228.897
228.884
228.796
228.721
228.659
228.577
207.863
207.943
207.939
207.864
207.834
207.826
207.809
207.727
207.655
207.646
211.167
211.322
211.382
211.410
211.344
211.376
211.403
211.426
211.440
211.419
211.411
211.423
211.437
211.432
211.428
211.430
211.423
211.437
211.444
211.403
211.395
211.404
211.372
211.361
211.367
211.311
227.100
228.952
228.917
228.932
228.939
228.912
228.906
228.917
228.906
228.908
228.911
228.868
228.848
228.804
228.738
228.752
228.775
228.774
228.874
228.834
228.842
228.875
228.870
228.880
228.917
228.930
228.940
229.207
229.279
229.424
229.497
229.535
229.547
229.568
229.576
229.525
229.554
229.662
229.740
229.782
208.627
208.693
208.700
208.708
208.730
208.665
208.667
208.678
208.669
208.669
208.638
208.630
208.636
207.282
207.231
207.199
207.143
207.116
207.094
207.083
207.117
207.112
207.105
207.088
207.084
207.047
207.029
206.976
206.923
206.878
206.668
206.640
206.532
206.451
206.403
161.188
161.237
161.180
161.119
161.072
161.066
159.471
159.478
159.469
159.456
159.450
159.462
159.443
159.434
159.411
159.600
159.618
159.687
159.767
159.807
159.870
159.939
159.989
160.071
160.150
160.238
160.353
160.390
160.426
88.957
88.999
89.013
89.010
89.035
89.107
89.101
89.064
89.056
89.049
88.380
88.376
88.379
88.723
88.777
88.836
82.583
82.775
82.593
82.548
82.562
82.587
82.647
83.007
83.150
83.265
83.376
83.519
86.670
86.761
86.773
68.739
68.861
68.893
68.922
68.908
68.867
68.872
68.893
68.861
68.855
69.080
69.133
117.515
117.600
117.662
117.693
117.712
117.718
117.704
117.738
117.721
117.768
117.764
117.793
117.827
117.842
117.832
117.835
117.840
117.843
117.851
117.866
117.624
68.352
68.356
68.367
68.300
68.260
68.217
68.194
68.274
68.301
68.309
68.333
115.045
117.195
117.277
117.312
117.311
117.302
117.323
117.299
117.265
117.243
117.203
117.210
117.177
117.123
117.046
117.038
117.057
117.040
116.983
116.943
116.923
160.302
160.466
160.484
160.432
160.415
160.529
160.658
160.777
160.893
161.009
161.111
161.232
161.410
161.535
161.647
161.765
161.873
161.923
162.059
162.196
162.270
162.407
162.614
162.767
162.898
64.625
64.626
64.688
61.139
187.240
189.065
188.986
188.895
188.815
188.701
188.569
188.450
188.344
188.210
188.072
187.823
187.920
187.852
187.752
187.644
187.530
187.396
187.312
187.179
187.035
186.927
186.790
186.641
186.530
186.463
186.202
186.106
185.974
185.866
185.743
37.509
37.138
37.157
37.141
37.181
37.217
33.762
33.894
33.862
33.866
33.924
140.953
140.272
140.255
140.255
140.258
140.311
140.323
140.355
140.309
140.296
140.262
140.307
140.343
140.383
140.428
140.388
140.385
139.970
139.947
139.958
139.958
139.953
139.954
139.841
139.770
52.882
52.997
53.077
53.176
53.286
53.393
53.284
98.426
98.297
98.217
98.152
98.043
97.937
97.836
97.732
97.624
97.475
97.351
97.228
97.129
27.499
242.318
242.219
242.194
242.220
242.164
242.154
71.261
71.076
70.977
70.871
70.778
69.702
70.037
217.768
217.739
217.748
217.751
217.704
217.708
217.693
217.851
217.737
217.699
217.641
217.591
217.597
217.536
217.545
217.525
217.480
217.474
217.511
217.516
217.523
217.521
217.485
217.445
217.379
217.343
217.302
217.257
217.251
217.260
290.405
290.317
290.290
290.268
290.254
290.242
290.218
293.668
293.708
293.694
293.685
293.695
293.712
293.706
293.724
293.759
293.769
293.757
293.772
293.781
293.779
293.779
293.793
293.789
293.782
293.743
293.759
293.768
293.761
293.747
293.734
293.733
293.764
293.756
293.747
293.746
293.660
293.643
293.632
293.603
293.597
293.616
293.588
293.556
293.358
293.340
293.254
168.940
171.146
171.170
171.187
171.186
171.198
171.218
171.204
171.200
171.211
171.213
171.240
171.253
171.255
171.301
171.315
171.335
171.387
171.214
171.210
171.216
171.218
171.184
171.179
171.157
171.097
171.092
171.094
171.091
171.100
171.114
33.135
33.164
33.129
33.112
33.087
33.093
57.052
57.106
57.081
57.082
57.025
57.018
56.981
57.407
59.239
59.231
86.148
86.180
86.153
86.070
86.097
86.099
86.056
86.048
86.055
86.014
85.983
86.000
85.616
85.605
85.602
26.829
26.543
26.512
179.043
179.091
179.088
179.462
179.480
179.485
179.487
179.491
179.497
180.046
180.153
180.190
180.227
180.865
180.897
180.885
180.872
180.892
180.919
180.737
180.737
180.737
180.701
180.710
180.704
180.946
180.959
180.997
181.002
181.027
293.078
295.922
296.373
296.668
296.843
296.975
297.033
297.050
297.042
297.063
297.105
297.152
297.270
297.316
297.319
297.332
297.338
297.809
297.871
297.878
297.962
297.983
297.995
298.021
298.123
298.231
298.422
298.543
298.642
298.757
298.857
298.939
299.033
299.130
299.211
299.301
299.403
299.473
299.540
299.658
299.750
299.836
299.928
300.012
300.092
300.142
300.254
300.409
241.142
243.304
243.302
243.296
243.383
243.444
243.533
243.604
243.621
243.501
243.499
243.602
243.597
243.571
243.516
243.486
243.467
243.458
243.443
243.481
243.446
243.351
243.288
243.148
242.911
242.769
242.688
242.561
242.447
242.313
156.241
156.249
156.253
156.328
156.407
156.511
156.637
156.717
156.729
156.820
156.892
156.962
157.059
157.146
157.162
157.242
157.302
157.387
157.455
157.516
157.888
157.969
158.049
158.124
158.202
158.282
158.292
158.376
158.545
155.880
155.988
156.062
156.150
156.248
156.345
156.444
156.534
156.648
156.745
156.835
157.480
157.572
157.663
157.782
157.747
157.835
157.950
158.040
158.153
158.285
158.376
158.475
158.564
158.660
158.720
158.773
78.298
78.339
78.332
78.335
78.329
78.235
78.229
78.226
78.161
78.176
78.162
78.156
78.162
78.196
133.095
133.224
133.195
133.183
133.189
133.171
133.169
133.179
133.181
133.237
133.194
133.486
133.512
133.548
133.544
133.538
133.558
133.555
133.556
133.561
133.564
133.536
133.524
133.522
133.588
154.094
154.188
154.261
154.196
154.158
154.196
154.205
154.233
154.241
154.063
154.069
154.095
154.095
154.107
154.113
154.137
154.118
154.162
150.947
150.925
150.956
150.997
151.089
151.114
151.104
151.089
150.896
100.553
100.537
100.563
100.582
100.589
100.569
100.878
100.802
100.796
100.798
100.935
101.080
101.017
101.025
100.926
100.863
100.880
159.419
159.406
159.400
159.395
159.424
159.444
159.452
159.400
159.413
159.427
159.439
159.447
159.440
159.436
159.443
159.423
159.407
159.402
159.471
159.483
159.487
159.483
159.478
159.493
159.502
159.508
159.490
159.497
40.151
40.108
40.112
40.108
40.099
231.229
231.275
231.260
231.260
231.266
231.272
231.222
231.221
235.248
235.313
235.314
235.333
235.343
235.756
235.802
235.856
235.883
235.909
235.915
235.966
235.828
235.898
235.883
235.932
235.980
236.058
235.285
235.342
235.378
235.426
235.481
235.518
235.586
235.650
235.703
235.712
235.717
235.753
235.745
151.228
153.764
153.790
153.803
153.816
153.856
153.861
153.869
153.860
153.865
153.822
154.046
154.072
154.072
154.052
154.099
154.139
154.172
154.177
154.165
154.103
154.068
154.082
154.085
153.899
94.868
94.886
94.284
94.261
94.221
94.227
94.236
94.215
94.270
94.323
94.353
94.377
94.373
94.370
94.403
94.411
94.405
14.069
105.681
108.182
108.380
108.152
108.045
104.651
104.576
104.553
104.544
104.541
104.545
104.542
104.547
104.540
104.561
104.565
104.556
104.505
228.424
228.340
228.357
228.378
228.285
228.232
228.244
228.186
228.169
228.166
228.117
228.131
228.097
228.081
228.088
228.066
228.061
228.232
228.244
228.228
228.247
228.265
228.253
228.253
228.252
228.119
228.114
228.133
228.169
228.195
228.202
228.380
228.420
228.408
228.414
228.429
228.444
228.476
228.475
228.461
228.448
26.037
26.113
148.562
148.576
148.578
148.529
148.455
148.463
148.449
148.437
148.442
148.454
148.442
148.417
148.400
148.406
148.409
148.402
148.420
148.472
148.451
148.447
148.446
148.446
148.462
148.441
148.449
148.386
148.377
25.932
26.093
26.053
26.039
26.030
9.237
33.637
33.681
33.686
33.716
33.687
172.745
172.694
172.692
172.684
172.707
172.709
172.716
172.533
172.552
172.505
172.479
172.510
172.578
172.581
172.571
172.585
172.582
172.553
172.519
172.520
172.495
172.501
172.511
172.503
172.552
172.523
172.520
243.415
243.485
243.531
243.459
243.464
243.391
243.367
243.366
243.386
243.375
243.391
243.344
243.293
243.254
243.466
243.146
243.165
243.173
243.162
243.065
243.005
242.951
242.941
242.997
242.982
242.951
242.945
242.927
242.898
242.917
242.914
242.959
242.990
242.975
242.939
242.944
242.947
242.952
242.949
242.867
242.856
242.854
242.855
5.242
7.269
44.453
44.606
44.621
44.622
44.625
44.599
44.406
5.556
7.518
27.546
27.542
27.482
27.405
48.811
48.696
48.805
48.846
48.946
48.994
48.998
49.001
110.921
110.883
110.835
110.816
110.808
110.820
110.795
110.807
110.768
110.754
110.755
112.407
112.442
112.454
112.474
112.502
112.505
112.321
40.401
40.405
40.387
40.455
40.470
40.476
142.383
142.337
142.121
142.015
142.037
142.034
141.999
141.975
141.960
142.099
142.143
142.134
142.113
142.036
141.974
141.868
141.834
141.797
141.793
141.761
141.860
142.162
244.826
244.796
244.788
244.773
244.747
244.900
245.028
245.045
245.056
245.107
245.139
245.555
245.509
245.581
245.595
245.523
245.514
245.515
245.522
245.529
245.574
245.556
245.610
245.622
245.621
245.612
245.624
245.587
245.575
245.551
245.582
245.608
245.618
245.595
245.583
245.509
245.481
245.479
245.484
245.467
245.456
63.901
63.871
63.849
63.701
63.688
63.661
63.639
177.853
182.412
182.862
182.872
182.873
182.899
182.897
182.922
182.889
182.844
182.931
183.019
183.041
183.114
183.136
183.133
183.129
183.155
183.175
183.186
183.274
183.359
183.434
183.517
183.595
183.692
183.797
183.879
409.582
409.526
409.417
409.321
409.195
413.007
412.926
412.741
412.647
412.544
412.442
412.287
412.173
412.074
411.936
411.831
411.720
411.293
411.142
411.006
410.891
410.784
410.656
410.794
410.736
410.613
410.524
410.402
410.304
410.179
409.873
409.744
409.644
409.514
409.433
409.425
409.351
409.297
409.240
409.230
409.367
409.508
409.530
409.518
409.431
409.415
409.404
409.401
160.763
160.789
163.782
163.943
164.198
164.352
164.668
164.889
164.884
164.948
164.977
165.099
165.260
165.358
165.165
165.179
165.193
165.191
165.193
165.196
165.206
165.171
165.159
165.150
165.130
165.097
165.090
165.080
271.575
271.709
271.707
271.676
271.681
271.678
271.677
271.665
271.679
271.664
271.678
271.684
271.685
271.639
271.632
271.647
271.686
271.662
271.443
271.473
271.486
271.484
271.484
271.487
271.494
271.525
271.528
271.527
271.531
271.517
271.522
271.540
271.541
271.538
271.539
271.487
271.478
271.497
271.475
271.476
271.471
271.421
271.419
271.423
271.418
271.405
271.405
271.422
158.627
158.625
161.398
161.406
161.424
161.433
161.440
161.432
161.431
161.457
161.436
161.250
161.247
161.244
161.252
161.258
161.264
161.257
161.249
161.249
161.211
161.206
161.203
161.239
161.249
161.217
161.190
161.149
134.023
134.068
134.082
134.066
133.962
133.907
133.894
133.932
133.942
133.981
133.987
133.994
134.013
133.961
133.977
133.936
133.965
134.118
134.125
134.132
134.122
134.154
134.156
60.995
61.067
58.160
58.135
58.144
58.155
58.146
58.140
256.978
257.014
257.010
257.006
257.006
256.989
256.963
256.930
256.890
256.853
256.819
256.788
256.744
256.702
256.652
256.625
256.646
256.619
256.591
256.610
256.766
256.729
256.680
256.653
256.625
256.581
256.547
256.525
256.539
256.557
256.523
256.523
256.500
256.480
256.475
256.461
256.475
256.467
256.390
256.155
256.134
256.105
256.107
256.075
256.091
184.009
184.063
184.082
184.050
184.067
184.032
184.060
184.052
184.059
184.104
184.112
184.105
184.118
184.105
184.106
184.110
184.130
184.112
184.127
184.115
184.117
184.118
184.109
184.109
184.113
184.297
184.277
184.274
184.280
184.286
184.277
184.274
184.259
62.189
62.276
62.275
62.258
62.260
62.256
62.256
62.231
62.210
62.206
62.146
98.385
98.402
98.407
98.368
98.372
98.371
98.371
98.371
98.368
98.353
98.339
98.354
98.341
98.239
98.260
98.266
98.283
98.271
85.590
85.356
85.409
85.489
85.537
85.513
85.562
85.613
85.662
85.727
85.791
86.034
86.084
86.122
30.788
30.461
30.362
68.239
68.175
68.012
67.999
68.012
68.017
68.041
68.036
68.056
68.062
67.775
112.464
112.297
112.332
112.378
112.401
112.433
112.482
112.588
112.647
112.740
116.237
116.218
114.160
114.111
114.144
114.169
173.154
173.107
173.095
173.033
172.964
172.903
172.838
172.801
172.766
172.774
172.744
172.663
172.388
172.313
172.298
172.271
172.255
172.231
172.226
172.209
172.187
172.176
172.162
172.152
172.104
172.094
172.063
172.066
38.731
38.655
38.631
38.604
38.553
5.215
27.984
27.930
27.883
27.659
20.670
20.181
20.187
9.654
11.098
11.093
37.884
37.870
37.636
37.133
36.251
36.191
54.437
54.416
54.467
54.442
54.426
54.410
54.418
54.411
54.423
71.097
71.143
70.928
70.925
70.927
74.508
74.522
74.503
74.503
74.510
74.477
74.459
81.977
81.884
81.814
81.810
81.830
81.834
81.801
81.796
81.795
81.723
81.650
81.672
82.116
82.116
10.613
10.538
10.152
10.146
15.820
15.829
15.807
5.661
5.304
5.488
8.652
11.165
11.132
5.405
6.723
25.967
26.045
26.061
26.028
76.232
76.317
76.332
76.328
76.383
76.359
76.357
76.367
76.545
76.545
76.509
76.461
76.490
35.613
35.726
35.758
35.786
35.803
35.823
23.500
23.493
23.424
23.347
16.709
16.733
6.692
26.534
26.555
26.586
26.580
29.316
29.061
29.053
29.036
29.031
22.202
22.163
22.148
61.435
61.416
61.353
61.285
61.306
61.097
61.077
61.068
61.074
61.063
61.051
54.718
54.742
54.737
54.738
54.743
54.737
54.760
55.004
69.197
69.184
69.125
69.102
69.091
69.048
69.028
69.015
68.983
68.992
68.963
68.914
14.591
14.415
11.430
11.403
5.801
6.591
17.101
17.092
9.760
44.379
44.408
44.414
44.333
44.243
44.174
42.867
42.752
42.426
42.386
42.336
42.257
16.783
16.698
94.542
94.507
97.609
97.596
97.572
97.541
97.534
97.519
97.475
97.670
97.665
97.660
97.642
97.654
97.643
97.629
97.615
57.720
57.738
57.720
57.690
57.692
57.666
57.626
57.602
57.594
6.373
26.182
26.203
26.175
26.163
18.003
17.814
17.776
40.627
40.638
40.619
40.541
40.360
40.345
40.350
148.878
149.060
149.107
149.304
149.293
149.316
149.342
149.343
149.348
149.346
149.338
149.338
149.299
149.291
149.318
149.311
149.360
149.453
149.496
149.564
149.587
149.614
149.571
149.638
149.649
149.647
11.484
105.290
105.435
105.429
105.487
105.447
105.438
105.435
105.382
105.305
105.242
105.276
105.237
105.260
105.259
105.267
105.238
105.235
104.874
6.536
24.855
25.062
25.184
39.954
39.662
39.616
39.554
39.510
104.314
104.305
104.259
104.214
104.253
104.254
104.194
104.160
104.145
104.138
104.164
103.967
104.032
104.011
103.991
103.977
103.969
103.947
143.812
143.828
143.706
143.703
143.700
143.699
143.693
143.702
143.704
143.719
143.700
143.651
143.664
143.688
143.652
143.651
143.645
143.657
143.615
143.666
143.684
143.683
143.690
143.638
143.620
101.500
101.614
101.645
101.627
101.605
101.593
101.533
101.493
101.472
101.406
101.380
101.379
101.388
101.397
101.387
101.374
101.360
101.350
5.033
5.373
10.354
17.688
14.061
132.276
132.261
132.216
132.207
132.195
132.196
132.177
132.184
132.150
132.135
132.056
132.042
132.039
132.027
132.020
131.997
132.086
132.164
132.258
132.302
132.304
132.227
148.777
148.572
148.894
148.867
148.845
148.846
148.843
148.842
148.764
148.751
148.782
148.790
148.788
148.784
148.786
148.771
148.703
148.572
148.447
148.340
148.319
148.267
148.255
148.296
148.206
148.169
148.160
57.805
57.801
57.798
57.777
57.792
57.787
57.782
57.764
57.766
119.931
119.995
119.964
119.951
119.902
119.887
119.902
119.903
119.892
119.884
119.875
119.648
119.640
119.646
119.653
119.654
119.291
119.215
119.189
119.160
119.137
257.668
257.627
257.636
257.634
257.652
257.658
257.664
257.680
257.675
257.655
257.680
257.691
257.706
259.317
259.336
259.354
259.407
259.420
259.426
259.411
259.414
262.767
262.826
262.869
262.755
262.763
262.772
262.786
262.761
262.759
262.829
262.814
262.828
262.869
262.869
262.868
262.953
263.007
263.007
263.053
263.091
263.085
263.078
32.201
133.695
133.731
133.745
133.771
133.770
134.106
134.131
134.221
134.213
134.232
134.252
134.261
134.255
134.260
134.247
134.243
134.256
133.975
133.968
133.876
133.848
134.023
103.898
103.889
103.858
103.826
103.803
103.815
103.753
103.627
103.571
103.560
103.529
103.528
102.812
102.757
102.727
102.704
63.612
63.611
63.600
63.598
63.614
63.617
63.608
63.551
63.555
63.547
63.529
70.656
70.612
70.584
70.398
70.419
70.446
70.437
70.424
70.433
70.459
70.458
125.840
125.863
125.850
125.830
125.791
125.973
125.989
126.016
126.062
126.058
125.857
125.815
125.819
125.612
125.605
125.571
125.554
125.296
125.217
125.198
125.185
125.186
89.067
89.096
89.052
88.879
88.874
88.845
88.835
88.830
88.780
88.773
88.767
88.690
88.652
88.671
88.662
22.181
22.197
22.152
22.057
26.005
26.027
26.019
26.008
69.662
69.539
69.527
69.564
69.591
69.632
69.659
69.242
69.254
69.279
68.657
19.944
19.917
85.777
85.755
85.824
85.858
85.909
85.947
85.957
86.034
86.051
86.121
86.186
86.251
86.290
112.618
112.598
112.505
112.483
112.410
112.346
112.258
112.227
112.181
112.181
112.179
112.239
112.156
112.012
111.941
111.924
112.071
112.036
30.733
30.722
30.771
47.321
47.177
47.142
47.142
47.122
46.988
46.870
90.968
90.796
90.702
90.699
90.657
90.643
90.629
90.608
90.418
90.288
90.247
90.251
90.215
90.131
90.053
46.078
46.077
46.058
46.112
46.113
46.129
123.309
123.214
123.099
123.074
123.091
122.984
122.862
122.746
122.689
122.670
122.653
122.543
122.524
122.458
122.338
122.217
122.114
121.996
121.868
36.144
36.138
36.134
36.113
36.062
117.688
117.631
117.663
117.642
117.638
117.653
117.655
117.685
117.436
117.468
117.472
117.464
117.444
117.427
117.398
117.380
117.338
117.297
117.262
318.050
318.082
318.100
318.096
318.085
318.101
318.140
318.184
318.193
318.173
318.180
318.134
318.059
318.048
318.036
318.058
318.053
318.039
317.957
317.937
317.862
317.842
317.853
317.856
317.846
317.837
317.866
317.862
317.864
317.823
317.811
317.794
317.794
317.785
317.775
317.750
317.733
317.721
317.724
317.718
317.704
317.687
317.685
317.681
317.672
317.674
317.650
317.665
317.664
317.656
317.650
317.637
317.623
317.624
317.640
317.620
142.437
142.511
142.462
142.459
142.444
142.470
142.424
142.416
142.414
142.430
142.437
142.427
142.456
142.476
142.492
142.493
142.512
142.528
142.500
142.459
142.445
142.468
142.461
142.477
5.471
26.122
26.151
25.658
25.647
28.169
28.106
28.076
28.072
10.643
13.131
201.293
201.384
201.432
201.436
201.478
201.466
201.495
201.489
201.308
201.307
201.303
201.244
201.225
201.214
201.212
201.181
201.164
201.112
201.149
201.166
201.200
201.189
201.192
201.129
201.121
201.117
201.092
201.085
201.057
201.027
201.024
201.026
200.990
162.206
162.198
162.152
162.111
162.195
162.255
162.250
162.247
162.244
162.226
162.175
162.184
162.181
162.172
162.167
162.161
162.159
162.104
162.092
162.086
162.088
162.090
162.057
165.637
165.681
165.692
165.700
165.710
109.230
109.201
109.191
109.110
109.019
108.739
108.652
108.566
108.473
108.401
108.317
108.283
108.189
108.102
107.998
14.395
146.171
145.990
145.814
145.678
145.532
145.487
145.464
145.441
145.425
145.431
145.465
145.493
145.481
145.468
145.463
145.424
145.408
145.328
145.292
145.299
145.273
145.272
145.246
145.260
145.263
6.714
27.402
27.444
26.812
26.763
30.606
26.671
26.613
26.617
138.163
138.248
138.340
138.379
138.593
138.647
138.605
138.588
138.571
138.561
138.567
138.736
138.851
138.874
138.857
138.848
138.816
138.854
139.031
139.048
138.998
138.992
139.004
268.790
268.864
268.856
268.791
268.740
268.751
268.745
268.735
268.553
268.523
268.524
268.516
268.526
268.444
268.431
268.483
268.510
268.463
268.458
268.476
268.452
268.448
268.447
268.391
268.241
268.255
268.263
268.278
268.275
268.281
268.270
268.268
268.263
268.257
268.280
268.246
268.233
268.251
268.269
268.240
268.227
268.236
268.224
268.211
268.119
268.088
175.692
175.692
175.682
175.657
175.652
175.627
175.563
175.552
175.533
175.539
175.511
175.431
175.343
175.321
175.314
175.298
175.340
175.336
175.311
175.310
175.297
175.297
175.047
175.028
174.987
174.971
174.955
174.946
174.938
174.906
26.683
26.723
26.646
26.641
21.141
21.165
21.149
21.132
27.912
27.282
27.240
27.211
169.903
169.927
171.047
171.032
171.026
171.027
171.063
171.076
171.084
171.083
171.079
171.075
171.076
171.071
171.080
171.073
171.060
171.022
171.006
171.000
171.015
171.043
171.039
171.022
171.012
171.012
171.001
170.994
170.994
72.875
72.863
72.842
72.834
72.825
72.821
72.808
72.780
72.790
72.783
72.745
11.207
7.745
5.671
59.208
59.210
59.210
59.195
59.178
59.152
59.145
59.094
59.088
59.134
54.707
54.677
54.660
54.660
54.363
54.340
53.972
53.956
25.602
25.662
25.881
25.834
48.927
48.957
48.959
48.956
48.958
48.953
48.981
48.982
52.110
52.212
52.203
52.202
52.017
52.030
52.030
51.996
62.587
62.692
62.788
62.881
62.974
63.059
239.182
239.019
238.866
238.761
238.654
238.543
238.405
238.381
238.277
238.167
238.076
238.019
238.006
237.959
237.854
237.786
74.582
70.438
70.222
70.112
69.802
69.764
69.522
69.514
69.473
69.438
20.556
20.545
153.052
153.028
153.006
153.001
152.990
153.018
153.016
153.055
153.049
153.027
153.028
153.018
153.003
152.996
152.996
152.745
152.731
152.722
152.724
152.700
152.640
152.624
152.618
152.609
268.969
269.045
269.031
269.047
269.088
269.049
269.057
269.041
269.039
269.026
269.031
269.030
269.361
269.359
269.371
269.369
269.348
269.297
269.303
269.283
269.270
269.260
269.256
269.240
269.204
269.182
269.206
269.214
269.180
269.181
269.120
268.967
268.957
268.973
268.981
268.968
268.967
269.006
269.008
269.006
268.978
268.967
268.945
107.695
107.962
108.016
108.224
108.201
108.188
108.135
108.180
108.160
108.154
108.159
108.591
108.599
108.588
165.281
165.197
165.189
165.255
164.978
164.933
165.002
165.000
164.904
165.119
165.104
164.919
164.894
164.881
164.800
164.793
164.781
164.711
164.675
164.660
164.354
164.283
164.219
164.028
25.650
25.347
235.764
235.672
235.595
235.563
235.546
235.541
235.541
235.537
236.580
236.609
236.625
236.659
235.568
235.504
235.584
235.616
235.599
235.561
235.566
235.566
235.553
235.525
235.538
235.561
235.559
235.567
235.552
235.542
235.545
235.530
235.483
235.457
235.467
235.654
235.650
235.629
235.616
235.618
235.599
235.585
235.566
235.556
235.562
144.683
144.694
144.685
144.644
144.675
144.653
144.630
144.808
144.750
144.706
144.703
144.693
144.724
144.719
144.698
144.691
144.683
144.203
144.173
144.147
144.146
144.137
144.132
144.116
144.116
144.087
41.634
41.646
41.632
41.633
41.631
41.614
41.183
32.553
32.715
32.690
32.702
178.871
177.454
177.461
177.446
177.430
177.510
177.561
177.755
177.809
177.859
177.910
177.963
178.012
178.104
178.159
178.427
178.527
178.598
178.652
178.696
178.751
178.989
179.101
179.131
179.181
179.236
179.278
179.568
179.628
179.666
179.732
32.316
32.219
232.124
232.179
232.169
232.156
232.197
232.198
232.212
232.226
232.236
232.234
232.233
232.240
232.273
232.303
232.296
232.318
232.284
232.262
232.257
232.246
232.228
232.225
232.207
232.197
232.190
232.179
232.176
232.158
232.145
232.136
232.129
232.121
232.108
232.108
232.095
232.150
232.283
232.249
232.196
232.186
232.175
188.743
188.777
188.775
188.753
188.762
188.735
188.717
188.727
188.717
188.693
188.679
188.679
188.671
188.714
188.937
188.938
188.908
188.894
188.903
188.901
188.905
188.911
188.926
188.954
188.979
188.979
188.978
188.975
188.973
188.969
188.973
189.001
188.994
188.989
188.985
188.983
58.903
58.968
58.948
58.945
58.959
58.954
58.948
58.957
58.948
58.885
58.875
6.097
14.868
14.898
18.771
18.733
143.759
143.821
143.810
143.722
143.714
143.695
143.875
143.842
143.815
143.587
143.584
143.555
143.561
143.545
142.990
142.972
142.957
142.945
142.912
142.915
142.903
142.905
142.896
142.890
142.884
142.898
282.594
282.672
282.692
282.703
282.712
282.712
282.709
282.707
282.691
282.685
282.679
282.667
282.685
282.738
282.762
282.743
282.757
282.774
282.792
282.829
282.875
282.910
282.946
282.961
282.988
283.007
283.199
283.222
283.267
283.283
283.257
283.259
283.279
283.252
283.252
282.775
282.739
282.722
282.662
282.639
282.616
282.611
282.652
282.651
282.676
282.697
282.702
282.687
282.656
282.688
282.681
282.695
142.147
142.181
142.171
142.164
142.159
142.158
142.167
142.134
142.138
142.131
142.073
142.248
142.241
142.236
142.252
142.258
142.242
142.239
142.269
142.314
142.360
142.349
142.389
142.387
142.397
142.400
142.389
5.915
13.735
13.801
16.382
16.349
16.335
29.325
29.362
29.360
29.343
29.342
7.306
86.463
86.412
86.316
86.629
86.429
86.327
86.304
86.277
86.249
86.281
86.592
86.633
86.701
86.699
86.698
67.353
67.384
67.380
67.361
67.354
67.361
67.362
67.288
67.230
67.118
67.053
8.342
59.689
59.741
59.736
59.721
59.766
59.769
59.748
59.735
59.726
59.471
7.648
62.142
62.289
62.388
62.403
62.399
62.406
62.469
62.477
62.494
62.469
62.479
101.992
102.006
101.980
101.946
101.886
101.844
101.770
101.752
101.659
101.697
101.651
101.632
101.565
101.554
101.546
101.527
101.474
101.452
6.353
11.686
11.703
28.512
28.486
28.449
28.446
28.442
12.588
12.629
88.840
88.786
88.786
88.856
88.881
88.834
88.829
88.032
88.012
88.009
88.000
34.657
34.540
34.046
34.029
34.015
274.483
274.550
276.490
276.438
276.471
276.440
276.506
276.499
276.527
276.530
276.536
276.512
276.508
276.510
276.508
276.517
276.515
276.478
276.479
276.486
276.502
276.514
276.506
276.525
276.557
276.578
276.555
276.498
276.441
276.439
276.436
276.434
276.414
276.413
276.421
276.418
276.381
276.378
276.388
276.396
276.371
276.286
276.279
276.293
276.283
276.240
276.240
276.291
276.298
276.306
276.312
149.103
149.079
149.009
148.929
148.826
148.773
148.688
148.622
148.573
148.405
148.329
148.256
148.223
148.084
147.948
147.925
147.815
147.780
147.511
147.392
147.335
147.249
147.205
147.057
146.997
146.825
89.478
89.550
89.530
89.516
89.512
89.473
89.406
89.394
89.373
89.373
89.368
89.344
89.366
89.365
89.369
89.366
216.403
216.426
216.427
216.397
216.395
216.399
216.426
216.440
216.455
216.457
216.454
216.448
216.443
216.447
216.442
216.397
216.367
216.346
216.308
216.295
216.308
216.135
215.989
215.973
215.973
215.966
215.957
216.135
215.989
215.920
215.910
215.931
215.919
215.910
215.884
215.726
215.530
215.462
257.762
257.826
257.819
257.838
257.852
257.851
257.853
257.881
257.878
257.911
257.910
258.104
258.167
258.245
258.250
258.205
257.991
257.985
257.981
257.980
257.976
258.059
258.055
258.074
258.083
258.070
258.063
258.086
258.085
258.097
258.087
258.089
258.088
258.070
258.074
258.057
258.053
258.076
258.055
258.052
258.054
258.053
179.133
179.212
179.207
179.422
179.433
179.443
179.453
179.423
179.399
179.410
179.422
179.434
179.438
179.429
179.447
179.444
179.456
179.453
179.443
179.436
179.436
179.448
179.444
179.286
179.282
179.221
179.149
179.162
179.182
179.181
179.194
179.199
236.342
236.425
242.765
242.832
242.847
242.821
242.817
242.833
242.826
242.832
242.837
243.633
243.650
243.667
243.690
243.700
243.696
243.750
243.759
243.765
243.725
243.720
243.728
243.728
243.729
243.705
247.195
247.136
249.029
249.059
249.080
249.106
249.125
249.142
249.155
249.158
249.161
249.169
249.931
250.105
250.114
250.123
9.934
22.412
22.371
22.233
22.221
26.451
25.761
25.763
25.760
29.638
29.597
29.577
29.744
29.738
22.091
22.072
22.059
22.045
5.466
