78.462
76.989
77.563
77.121
76.374
14.842
14.599
40.828
40.582
40.471
40.415
40.394
39.890
39.892
323.560
323.582
323.791
323.787
323.800
323.715
323.649
323.664
323.656
324.101
324.093
322.947
322.876
322.149
322.097
322.067
322.051
321.985
320.809
320.652
320.625
320.590
321.072
320.976
320.965
320.736
321.381
320.462
320.428
319.393
318.394
318.335
318.635
318.337
317.995
317.271
317.223
317.208
317.253
317.251
317.065
317.037
317.024
316.683
314.910
314.898
314.872
314.656
314.596
314.553
314.538
315.502
317.510
317.523
317.445
80.854
80.778
80.755
80.687
80.688
80.642
80.564
80.448
148.346
148.425
148.421
148.388
148.395
148.332
148.326
148.302
148.322
148.330
148.315
148.348
148.306
147.560
147.563
147.519
147.527
147.489
147.432
147.367
147.363
146.711
146.696
146.627
146.612
146.654
93.472
93.457
93.545
93.568
93.516
93.504
93.449
93.380
93.322
93.303
93.712
93.796
93.790
93.803
93.806
93.756
94.016
63.153
50.453
50.257
240.209
240.196
240.137
239.814
239.781
239.696
238.508
236.629
231.699
229.606
229.474
229.379
229.307
229.242
229.208
228.895
228.676
228.625
228.617
228.600
228.605
228.608
228.624
228.711
228.718
228.751
228.787
228.775
228.828
228.832
228.818
228.808
228.745
228.706
228.693
183.743
183.731
183.694
183.636
183.580
183.512
183.521
183.484
183.385
180.771
180.710
180.636
180.604
180.584
180.338
180.356
180.333
180.261
180.222
180.136
180.115
180.065
180.058
180.051
179.988
179.972
179.935
179.907
179.899
178.954
178.908
178.870
178.821
52.743
52.665
52.655
52.583
52.558
52.524
52.475
50.726
50.663
50.636
6.582
14.418
14.433
31.895
32.663
32.610
32.647
32.651
32.585
37.489
37.615
38.139
38.112
38.100
35.915
35.393
51.863
51.860
51.828
51.824
51.814
51.821
51.833
51.821
51.899
56.283
56.190
56.088
56.100
56.129
56.125
56.139
56.175
56.155
34.144
34.110
34.092
249.895
249.028
249.036
249.013
249.005
249.006
249.003
249.000
249.009
248.962
248.962
248.971
248.961
248.976
248.942
248.931
248.926
248.913
248.902
248.890
248.875
248.871
248.585
248.545
248.509
248.528
248.520
248.494
248.469
248.381
248.378
248.389
248.181
248.171
248.156
248.092
248.024
248.002
247.985
247.952
245.836
245.802
245.788
245.773
245.744
245.717
158.709
158.737
158.725
158.714
158.670
158.683
158.703
158.687
158.662
158.663
158.682
158.715
158.726
158.730
158.742
158.737
158.697
158.684
158.644
158.641
158.581
158.544
158.548
158.546
158.534
158.520
158.514
158.555
158.546
22.303
20.104
157.372
157.348
157.386
157.437
157.517
157.600
157.663
157.646
157.762
157.759
157.768
157.777
157.806
157.824
157.852
157.892
158.142
158.179
160.262
160.307
160.311
160.324
160.374
160.434
160.416
160.419
160.448
160.424
160.405
44.009
44.202
44.256
44.239
44.278
44.270
44.255
44.130
27.556
28.793
28.812
28.707
28.559
90.511
90.456
90.762
90.107
90.098
90.086
90.024
90.004
90.070
90.096
90.010
89.996
89.983
89.951
89.975
89.973
89.966
46.792
46.793
46.790
46.773
46.320
46.294
46.249
13.422
11.387
11.412
136.627
136.702
136.670
136.626
136.615
136.588
134.889
135.962
135.925
142.907
131.922
131.858
131.790
131.788
131.787
131.773
131.790
131.790
57.466
57.404
57.377
57.373
57.348
183.698
183.772
183.783
183.801
186.757
186.924
186.904
186.907
186.913
186.874
186.806
186.820
186.911
186.840
186.691
186.690
186.688
186.642
186.651
186.665
186.786
186.861
186.859
186.861
186.853
186.862
186.863
186.874
187.454
187.635
187.646
187.717
187.677
187.673
76.189
76.102
76.094
76.099
76.099
76.089
76.067
76.072
76.074
76.079
76.085
76.103
76.130
76.116
126.169
126.181
126.145
126.129
126.102
126.111
126.079
126.061
125.962
125.858
125.824
125.801
125.798
125.789
125.781
125.800
125.820
125.816
125.813
125.802
125.841
125.904
125.912
11.096
11.172
11.445
11.448
8.860
60.195
60.207
60.220
60.199
60.225
60.211
60.234
60.303
60.220
60.200
60.210
72.452
72.473
72.475
72.611
72.646
72.698
72.681
72.684
72.671
72.671
72.669
72.691
72.729
72.726
122.959
122.978
122.993
122.981
122.980
123.000
123.002
123.003
123.019
123.033
123.030
123.208
123.206
123.210
123.216
123.246
123.237
123.246
123.252
123.222
123.175
123.209
123.198
25.319
25.342
25.283
25.272
25.189
10.263
10.199
21.395
21.486
21.452
21.301
11.865
11.500
9.141
6.699
21.235
21.295
21.297
39.512
39.439
39.129
39.125
39.107
39.098
25.048
23.144
163.306
163.307
163.263
163.941
163.938
163.956
163.872
163.874
163.854
163.669
163.672
163.668
163.648
163.682
163.692
163.694
163.672
163.642
163.632
163.565
162.575
162.518
162.503
162.461
162.396
162.364
162.349
162.275
162.268
162.265
162.257
162.281
89.012
89.031
89.020
89.030
89.019
89.017
89.022
89.037
89.022
89.077
89.111
89.119
89.103
89.102
89.041
89.036
89.034
144.788
144.791
144.793
144.786
144.801
144.806
144.812
144.837
146.488
146.518
146.547
146.568
146.573
146.582
146.620
146.551
146.543
146.567
146.601
146.774
146.843
146.865
146.890
146.896
146.906
146.914
147.070
147.095
18.260
6.939
16.611
16.594
16.540
24.729
24.790
42.552
40.037
39.912
39.786
39.241
39.062
64.590
63.347
63.333
63.360
63.346
63.379
63.381
63.373
63.361
63.345
63.344
194.659
195.690
195.647
195.629
195.611
195.599
195.584
195.565
195.588
195.603
195.578
195.565
195.605
195.587
195.570
195.557
195.550
195.590
195.586
195.589
195.568
195.557
195.555
195.539
195.551
195.550
195.559
195.558
195.499
195.451
195.481
195.485
195.477
124.264
124.124
124.130
124.118
124.111
124.100
124.134
124.160
124.142
124.133
124.110
124.142
124.142
124.287
124.300
124.275
124.275
124.296
124.293
124.227
124.222
124.292
124.278
8.057
13.507
13.555
24.180
24.082
23.960
23.867
14.143
14.271
43.443
43.445
43.451
43.452
43.427
43.275
43.271
44.240
45.186
45.243
45.213
45.216
45.229
45.230
45.207
9.023
24.685
24.911
25.328
25.300
25.274
11.180
12.580
5.950
6.085
5.654
53.924
53.962
53.950
53.940
53.210
52.853
52.825
52.796
52.769
50.074
50.115
50.100
50.137
50.186
50.196
50.195
50.202
50.204
10.737
10.799
32.518
32.570
32.558
32.551
32.502
32.141
28.071
28.120
28.124
28.115
28.103
33.138
31.863
31.836
31.813
31.779
31.738
24.586
24.669
24.715
50.097
49.929
49.867
49.821
49.723
49.645
49.528
49.434
49.379
5.083
12.815
12.852
59.821
59.801
59.793
59.751
59.041
59.054
59.067
59.066
59.065
59.075
59.073
64.819
64.906
64.864
64.842
64.838
64.804
64.772
64.723
64.717
64.715
63.482
60.260
60.328
60.304
60.305
60.965
60.968
60.982
60.978
61.013
60.869
60.846
65.111
65.187
65.206
65.349
65.324
65.342
65.253
65.251
65.254
68.346
68.385
68.365
121.139
122.022
122.117
122.270
122.346
122.389
122.098
122.291
122.366
122.458
122.565
122.599
122.694
122.795
114.429
114.356
114.421
114.324
114.284
114.201
114.178
114.115
114.075
114.040
82.573
82.733
82.887
82.779
82.264
82.122
82.099
81.757
81.717
81.651
81.645
284.074
284.144
284.134
284.130
284.144
284.213
284.298
284.331
284.372
284.438
284.495
284.572
284.515
284.539
284.604
284.621
284.627
284.667
284.520
284.582
284.623
284.680
284.739
285.014
285.094
285.186
285.252
285.313
285.376
285.448
285.361
285.413
285.476
285.555
285.583
285.620
285.720
285.775
285.839
285.908
285.946
285.995
286.063
286.140
286.201
286.258
286.340
286.396
286.392
286.448
286.531
286.620
286.685
286.763
187.353
187.366
187.358
187.365
187.389
187.401
187.424
187.435
187.379
187.339
187.307
187.301
187.283
187.273
187.297
187.342
187.375
187.362
187.340
187.338
187.348
187.325
187.334
187.331
187.349
187.352
187.615
187.625
187.613
187.609
187.611
187.607
187.564
186.906
186.698
22.517
22.228
22.027
22.030
10.629
78.147
79.400
79.428
79.430
79.407
79.450
79.459
79.439
79.384
79.383
79.393
79.402
79.376
79.368
79.407
31.803
31.841
31.829
31.822
31.808
31.806
38.290
38.325
38.311
38.297
38.269
38.263
38.271
26.189
26.133
26.040
25.960
21.215
21.146
21.123
27.306
27.104
27.027
26.089
75.258
75.298
75.290
75.295
75.418
75.421
75.423
75.443
75.431
75.448
75.506
75.532
75.538
75.731
111.002
111.115
111.119
111.146
111.193
111.193
111.183
111.141
111.145
111.180
111.142
111.144
111.111
111.132
111.166
111.196
111.200
111.190
111.183
111.186
111.030
184.169
184.206
184.235
184.275
184.300
184.297
181.037
180.914
180.912
180.910
180.923
180.900
180.905
180.904
180.910
180.925
180.932
180.950
180.950
180.954
180.928
180.653
180.660
180.683
180.676
180.654
180.650
180.611
180.611
180.596
180.591
180.599
258.831
258.971
258.974
258.974
258.979
258.979
258.970
258.956
258.875
259.139
259.141
259.214
259.303
259.308
259.262
259.266
259.345
259.340
259.343
259.347
259.363
259.364
259.418
259.419
259.402
259.380
259.204
259.210
259.204
259.208
259.204
259.209
259.210
259.211
259.220
259.205
259.231
259.261
259.281
259.297
259.331
259.376
259.459
259.467
259.523
259.606
259.645
242.931
244.420
244.462
244.486
244.471
244.425
244.446
244.451
244.449
244.633
244.671
244.701
244.700
244.726
244.728
244.755
244.716
244.719
244.924
244.904
244.908
244.893
244.915
244.916
244.951
244.964
244.908
244.895
244.839
244.805
244.741
244.810
244.817
244.793
244.822
244.770
244.779
244.760
244.722
244.787
274.777
274.825
274.865
274.904
274.888
274.915
274.986
275.027
275.085
275.127
275.107
279.106
279.194
279.243
279.284
279.311
279.357
279.360
279.381
279.400
279.408
279.465
279.449
279.246
279.284
279.315
279.279
279.173
279.061
278.929
278.663
278.533
278.419
278.431
278.292
278.091
277.970
277.835
277.717
277.596
277.504
277.370
277.248
277.161
277.035
276.875
276.753
210.790
210.877
210.884
210.881
210.863
210.826
211.098
211.141
211.069
211.085
211.088
211.055
211.058
211.066
211.075
211.059
211.005
210.982
210.979
210.978
210.969
210.940
210.926
210.913
210.937
210.942
210.938
210.963
210.975
210.981
210.989
210.985
210.974
210.847
210.835
210.833
210.819
210.770
210.767
210.739
211.014
5.582
11.102
88.494
88.555
88.571
88.573
88.530
88.407
88.333
88.341
88.320
88.316
88.306
88.274
88.200
88.059
87.884
87.676
14.514
48.679
48.629
48.087
48.088
48.084
48.119
48.103
48.056
19.092
219.030
219.025
218.982
218.960
218.952
218.951
219.007
219.163
219.136
219.159
219.165
218.928
218.928
218.921
218.917
218.917
218.922
218.917
218.893
218.874
218.878
218.182
218.159
218.142
218.143
218.143
217.933
217.729
217.716
217.741
217.730
217.705
217.679
217.667
217.666
217.651
217.646
76.982
76.877
76.876
76.872
74.259
74.234
74.223
74.238
74.387
74.381
223.670
223.418
223.388
223.380
223.376
223.360
223.332
223.325
223.109
223.108
222.911
222.896
222.879
222.854
222.844
222.841
222.793
222.777
222.779
222.785
222.774
222.765
222.750
222.705
222.693
222.684
222.688
222.648
222.657
222.663
222.661
222.642
222.629
222.623
222.621
222.558
222.553
222.568
222.572
222.571
222.572
250.314
250.386
250.440
251.850
251.858
251.874
251.965
251.982
252.033
252.042
252.054
252.062
252.057
252.021
252.067
252.071
252.071
252.060
252.051
252.053
252.049
252.066
252.104
252.117
252.119
252.134
252.150
252.141
252.143
252.140
252.145
252.154
252.009
252.003
251.997
251.992
252.007
252.009
252.013
252.037
252.036
252.055
252.106
252.117
252.104
252.120
252.108
221.567
221.661
221.694
221.673
221.648
221.664
221.665
221.625
221.613
221.613
221.634
221.636
221.637
221.640
221.648
221.661
221.665
221.670
221.675
221.669
221.667
221.717
221.714
221.718
221.956
221.986
221.969
221.998
222.009
222.054
222.061
222.099
222.109
222.111
222.113
222.142
222.164
222.175
222.178
222.180
222.181
84.234
84.333
84.279
84.297
84.336
84.346
84.355
84.350
84.335
84.325
84.331
84.340
84.288
28.832
28.824
28.982
29.077
40.534
40.498
40.501
40.525
39.026
39.050
134.467
134.428
134.482
134.481
134.483
134.466
134.440
134.455
134.416
134.407
134.411
134.396
134.361
134.145
134.122
134.142
134.122
134.106
133.750
133.726
133.702
133.705
133.701
133.681
266.744
266.830
266.817
266.880
266.907
266.939
266.944
266.923
266.929
266.927
266.928
266.941
266.961
266.952
266.980
266.993
266.958
266.966
266.990
267.013
267.009
267.336
267.341
267.335
267.340
267.343
267.334
267.321
267.322
267.335
267.338
267.330
268.591
268.629
268.633
268.354
268.363
268.379
268.386
268.362
268.389
268.411
268.433
268.439
268.443
268.444
268.450
268.462
268.464
268.460
268.506
268.531
49.999
49.805
49.804
49.725
49.447
49.455
49.467
49.473
49.486
41.303
41.634
41.626
41.618
45.793
45.808
45.805
61.704
61.751
61.781
61.755
61.769
61.769
61.779
61.755
61.753
61.556
61.550
74.918
74.448
74.477
74.476
74.461
74.429
74.267
74.165
74.086
74.023
73.930
305.584
305.638
305.619
305.593
305.564
305.553
305.549
305.548
305.556
305.735
305.723
305.717
305.760
305.757
305.672
305.665
305.654
305.646
305.653
305.658
305.613
305.367
305.238
305.234
305.210
305.205
305.193
305.200
305.183
305.016
304.897
304.914
304.919
304.892
304.901
304.852
304.840
304.848
304.843
304.705
304.629
304.588
304.557
304.559
304.557
304.556
304.731
304.733
304.729
304.662
304.643
304.653
304.643
304.615
303.282
303.255
303.233
303.220
30.132
30.193
30.215
30.227
30.224
30.201
15.299
15.260
16.013
16.087
17.391
17.315
17.307
11.493
11.430
6.204
75.343
75.684
75.723
75.724
75.716
75.689
75.508
75.508
73.379
73.357
73.352
74.908
74.919
335.642
335.666
335.668
335.672
335.855
335.863
335.860
335.881
335.899
335.932
335.365
335.347
335.348
335.337
335.322
335.320
335.326
335.309
335.299
335.309
335.323
334.415
334.397
334.373
334.353
334.356
334.348
334.342
334.302
334.281
334.320
334.318
334.322
334.329
334.331
334.343
334.328
334.314
334.312
334.313
334.296
334.331
334.323
334.293
334.312
334.327
334.324
334.313
334.306
334.307
334.311
334.186
334.183
334.183
334.133
334.120
334.113
334.103
334.113
334.113
334.114
334.084
334.093
334.115
334.120
125.744
127.802
127.830
127.857
128.013
128.100
128.138
128.187
128.199
128.222
128.250
128.242
128.239
128.276
128.375
128.418
128.436
128.447
128.454
128.449
128.462
128.720
128.886
53.867
53.936
53.941
53.949
53.938
53.899
53.942
53.965
53.954
53.943
169.183
169.324
169.318
169.339
169.293
169.502
169.518
169.538
169.576
169.632
169.666
169.726
169.797
169.861
169.949
170.021
170.092
170.141
170.202
170.269
170.308
170.355
170.429
170.506
170.415
170.470
170.527
170.590
170.652
170.731
170.811
297.710
297.763
297.763
297.849
297.846
297.838
297.839
297.838
297.618
297.627
297.623
297.582
297.548
297.539
297.540
297.532
297.569
297.604
297.926
297.934
297.949
297.931
297.925
297.916
297.909
297.904
297.901
297.902
297.895
297.955
297.933
297.929
297.928
297.919
297.925
297.925
297.924
297.913
297.912
297.920
297.928
297.928
297.923
297.917
297.933
297.965
297.978
298.003
297.994
297.869
297.863
297.856
297.855
297.857
297.855
297.621
297.607
175.335
175.408
175.375
175.373
175.379
175.471
175.491
175.508
175.501
175.505
175.717
175.734
175.727
175.506
175.514
175.520
174.812
174.752
174.721
174.714
174.702
174.682
174.660
174.701
174.709
174.718
174.712
174.738
174.750
174.751
174.782
174.783
17.221
17.229
17.220
73.697
73.738
73.741
73.607
73.484
73.470
73.473
73.477
73.419
73.328
73.210
11.315
56.648
56.690
56.677
56.682
56.672
56.670
56.678
56.668
56.725
56.700
56.680
37.792
37.818
37.810
37.801
37.793
37.817
37.863
5.108
64.325
64.381
64.373
64.422
64.445
64.424
64.415
64.443
64.492
64.481
64.430
64.394
42.120
42.165
42.194
42.212
42.232
42.445
42.426
42.402
13.475
13.362
5.059
5.497
5.794
7.079
15.312
61.761
60.429
62.018
61.955
61.826
61.871
61.869
61.838
61.824
61.793
58.311
58.236
58.198
58.650
58.809
58.793
58.797
58.821
37.776
37.794
37.608
37.590
37.589
23.811
23.809
23.806
121.540
121.532
121.530
121.569
121.627
121.668
121.654
121.645
121.670
121.696
121.705
121.718
121.739
121.734
121.721
121.705
121.675
121.682
121.668
121.610
121.546
121.540
250.841
250.880
250.890
250.918
250.919
250.990
251.007
251.015
251.027
251.009
251.028
251.068
251.104
251.091
251.115
251.117
251.118
251.128
251.124
251.111
250.886
250.893
250.884
250.909
250.910
250.909
250.910
250.933
250.935
250.928
250.770
250.716
250.658
250.656
250.683
250.727
250.736
250.717
251.430
253.115
253.174
253.162
253.161
253.160
253.173
36.440
253.891
253.956
253.941
253.981
254.005
254.036
254.034
254.069
254.128
254.150
254.120
254.082
254.073
254.038
254.029
254.025
254.016
254.020
254.029
254.017
253.956
253.951
253.971
253.967
253.963
253.969
253.967
253.917
253.918
253.918
253.909
253.897
253.872
253.865
253.901
253.909
253.915
253.913
253.908
253.913
253.877
253.851
253.843
253.843
5.520
13.574
13.496
32.549
32.475
32.463
32.404
32.251
64.172
64.132
64.118
64.121
64.123
64.119
63.967
63.966
63.967
63.964
32.265
29.283
29.233
252.218
252.244
252.251
252.237
252.235
252.231
252.239
252.162
252.395
252.386
252.374
252.374
252.383
252.386
252.377
252.392
252.391
252.405
252.398
252.398
252.413
252.423
252.403
252.221
252.208
252.216
252.214
252.158
252.111
252.108
252.113
252.119
252.112
252.106
252.118
252.119
252.167
252.201
252.173
252.170
252.190
252.342
252.339
252.335
252.335
252.291
182.029
182.129
182.114
182.145
181.969
181.974
181.978
182.028
182.026
182.017
182.033
182.035
182.027
182.031
182.034
182.042
182.039
182.008
182.077
182.174
182.200
182.202
182.205
182.234
182.240
182.263
182.267
182.271
182.266
182.251
182.256
182.272
182.277
182.261
69.411
69.411
69.414
69.383
69.357
69.357
69.354
68.913
68.906
68.896
68.878
68.880
68.747
65.262
65.073
65.064
65.055
65.039
65.058
63.994
63.978
63.967
63.937
63.911
63.978
62.324
62.374
62.314
62.317
62.335
62.338
62.348
62.335
62.329
62.352
62.323
10.201
10.179
15.772
15.498
10.125
10.012
10.284
11.129
11.264
6.029
6.374
23.104
23.116
23.143
23.147
17.778
17.746
60.168
60.200
60.359
60.345
60.380
60.389
60.423
60.455
60.445
60.476
60.074
60.016
60.025
60.023
60.016
60.024
60.019
60.012
271.157
271.161
271.163
271.173
271.174
271.174
271.178
271.177
271.184
271.179
271.183
271.182
271.149
271.145
271.134
271.133
271.105
271.089
271.085
270.985
270.898
270.888
270.903
270.907
270.923
270.917
270.880
270.876
270.744
270.546
270.525
270.501
270.499
270.344
270.335
270.255
270.216
270.220
270.205
270.210
270.202
270.206
270.196
270.216
270.181
270.178
270.202
270.166
270.161
216.456
216.539
216.560
216.590
216.609
216.600
216.634
216.656
216.674
216.670
216.692
216.694
216.696
216.661
216.652
216.650
216.654
216.659
216.660
216.651
216.659
216.671
216.672
216.673
216.667
216.660
216.670
216.667
216.653
216.640
216.657
216.674
216.670
216.644
216.630
216.631
220.179
220.222
220.261
220.234
265.776
265.858
265.219
265.059
265.068
265.068
265.084
265.086
265.034
265.015
264.982
265.002
265.007
264.994
264.995
265.004
265.020
265.015
265.020
265.026
265.017
265.020
265.039
265.044
265.009
264.997
265.002
265.002
264.999
265.002
265.001
265.025
265.223
265.251
265.081
265.074
265.075
265.087
265.105
265.105
265.127
265.138
265.142
265.168
265.181
265.158
265.122
265.117
265.160
230.655
230.758
230.772
230.788
229.584
229.595
229.571
229.549
229.560
229.509
229.492
229.493
229.469
229.445
229.434
229.421
229.418
229.420
229.453
229.455
229.422
229.408
229.420
229.414
229.401
229.406
229.411
229.396
229.370
229.363
229.316
229.284
229.295
229.287
229.240
229.206
229.194
229.229
229.237
229.165
229.156
120.839
123.423
123.446
123.445
123.450
123.474
123.548
123.592
123.595
123.611
123.585
123.574
123.555
123.570
123.572
123.582
123.585
123.584
123.607
123.596
123.604
31.716
31.744
31.746
31.747
31.743
31.735
22.681
22.560
116.072
116.105
116.095
114.935
114.890
114.867
114.788
114.744
114.731
114.738
114.752
114.748
114.745
114.736
114.729
114.672
114.603
114.588
114.606
114.610
123.091
123.163
123.160
123.135
123.134
123.136
123.136
123.120
123.098
123.079
123.076
123.087
123.088
123.096
123.086
123.090
123.086
123.086
122.878
122.864
122.856
122.837
105.404
105.403
105.372
105.354
105.355
105.371
105.391
105.753
105.853
106.080
106.104
106.057
106.080
106.058
106.080
106.106
106.136
106.155
106.160
39.644
39.659
39.667
39.678
39.683
39.689
125.727
125.648
125.646
125.605
125.630
125.940
126.141
126.126
126.110
126.114
126.100
125.931
125.854
125.724
125.630
125.482
125.380
125.404
125.308
125.243
125.182
125.158
15.424
120.743
120.806
120.820
120.828
120.830
120.824
120.801
120.794
120.838
120.856
120.892
120.929
120.933
120.954
121.018
121.093
121.256
121.343
121.381
121.354
121.429
121.517
32.766
32.819
32.810
32.822
32.816
32.802
32.851
32.090
32.081
32.076
32.085
65.024
65.044
65.049
65.016
64.998
65.002
64.630
64.711
64.732
64.641
64.686
70.022
70.112
70.123
70.081
70.055
70.067
70.083
70.113
70.121
70.107
70.083
70.052
70.369
88.787
88.839
88.875
88.928
88.968
89.022
89.050
90.710
90.768
90.804
90.842
90.877
90.918
59.765
59.832
59.846
58.156
58.150
58.124
58.140
58.132
58.145
58.160
151.728
151.741
151.759
151.736
151.743
151.750
151.747
151.735
151.748
151.764
151.784
151.797
151.800
151.786
151.988
151.993
151.976
151.980
151.986
151.990
151.983
152.010
152.002
151.964
151.966
151.954
151.996
10.914
10.854
32.227
32.926
33.118
33.102
33.109
14.529
14.538
17.004
17.024
62.699
62.784
62.779
62.769
62.723
62.675
62.672
62.668
62.641
62.629
62.619
62.572
6.048
21.646
21.631
21.625
21.614
15.266
15.234
147.307
147.410
147.757
147.716
147.704
147.689
147.644
147.658
147.695
147.807
147.865
147.860
148.098
148.085
148.081
148.043
148.046
148.163
148.248
148.266
148.272
148.255
148.251
148.261
148.293
148.287
148.934
148.935
39.078
39.226
39.252
39.243
39.216
39.218
39.248
118.746
118.797
118.787
118.794
118.793
118.740
118.726
118.743
122.004
122.019
121.994
121.971
121.958
121.956
121.965
121.927
121.924
121.923
121.924
121.953
121.977
28.393
28.423
28.423
28.410
28.395
6.263
28.490
28.491
28.476
28.454
72.823
72.804
72.815
72.682
72.629
72.629
72.644
72.616
72.601
72.571
72.491
72.482
72.472
18.247
18.218
6.435
10.728
10.694
43.886
43.970
43.953
43.944
43.936
43.912
43.840
84.090
84.187
81.301
81.280
81.365
81.463
81.524
81.523
81.577
81.677
81.646
81.629
312.455
312.415
312.366
312.360
312.326
312.330
312.309
312.275
312.268
312.257
312.274
312.254
312.250
312.247
312.241
312.233
312.233
312.233
312.234
312.253
312.245
312.250
312.235
312.231
312.231
312.230
312.226
312.193
312.152
312.132
312.106
312.128
312.126
312.109
312.096
312.086
189.079
189.162
189.132
189.126
189.125
189.121
189.049
189.043
189.042
189.012
189.012
189.010
189.041
189.064
189.072
189.068
189.089
189.090
189.085
189.473
189.484
189.460
189.453
189.476
189.499
190.031
190.163
190.225
190.255
190.931
191.006
191.058
191.037
191.018
21.290
21.165
21.127
7.091
45.725
45.864
45.858
45.852
45.856
45.858
45.690
45.699
32.155
32.046
32.025
32.012
32.005
89.920
89.977
90.024
90.033
90.056
90.032
90.095
90.076
90.140
90.167
90.175
90.182
90.189
90.173
318.127
318.091
318.085
318.076
318.090
318.041
318.051
318.098
318.100
318.087
318.080
318.123
318.118
318.234
318.317
318.302
318.299
318.320
318.297
318.320
318.320
318.350
318.341
318.336
318.349
318.374
318.389
318.397
318.381
318.362
318.379
318.391
318.363
320.754
320.772
320.796
320.769
320.753
320.724
320.722
320.717
320.719
320.727
320.725
320.776
320.804
320.803
320.771
320.811
320.812
320.770
320.725
320.745
320.770
320.796
320.759
104.510
104.571
104.555
104.565
104.566
104.512
104.473
104.474
104.474
105.040
105.078
105.087
105.049
105.033
105.012
104.998
104.992
104.994
30.299
29.936
29.918
29.920
29.942
46.832
46.398
46.409
46.391
46.393
46.400
46.357
46.302
25.549
25.503
25.496
25.490
24.518
24.834
24.832
153.424
150.399
150.376
150.363
150.343
150.336
150.348
150.360
150.341
150.271
150.262
150.260
150.225
150.191
150.181
150.165
150.171
150.166
150.202
150.208
150.220
150.241
150.257
150.249
150.261
150.287
150.287
173.627
173.728
173.705
173.725
173.773
173.798
173.803
173.797
173.784
173.792
173.776
173.776
173.728
173.718
173.915
174.026
174.030
174.037
173.861
173.868
173.868
173.881
173.882
174.114
174.210
174.241
174.243
174.233
174.243
174.284
174.334
174.343
269.313
269.297
269.514
269.515
269.469
269.429
269.417
269.403
269.407
272.412
272.447
272.435
272.418
272.392
272.399
272.437
272.411
272.410
272.419
272.431
272.400
272.261
272.239
272.232
272.253
272.273
272.228
272.225
272.255
272.417
272.399
272.402
272.400
272.411
272.398
272.389
272.344
272.326
272.322
272.317
272.302
272.294
272.284
194.777
194.833
194.652
194.631
194.613
194.590
194.615
194.616
194.609
194.624
194.613
194.607
194.608
194.593
194.617
194.692
194.759
194.805
194.815
194.786
194.765
194.708
194.706
194.648
194.639
194.626
194.652
194.668
194.662
194.649
194.650
194.667
194.665
194.655
194.646
194.633
18.679
18.731
18.728
7.133
69.913
69.952
69.936
69.910
69.907
69.919
69.921
69.945
69.943
69.950
69.948
69.943
72.480
72.928
72.869
72.864
72.858
72.838
72.832
73.112
73.118
73.135
73.131
73.166
18.246
18.119
17.880
29.532
29.503
29.483
29.484
97.627
97.615
97.607
97.580
97.562
97.604
97.619
97.631
97.616
97.645
97.643
97.645
97.613
97.524
97.459
97.451
97.424
97.458
14.809
15.090
40.226
40.217
40.240
40.283
40.269
40.247
40.243
13.542
51.734
51.626
51.549
51.338
51.134
51.051
50.966
50.888
76.133
76.120
76.125
75.946
75.795
75.790
75.770
75.789
75.783
75.778
75.754
75.587
75.516
139.231
139.288
142.386
142.430
142.413
142.392
142.384
142.392
142.395
142.387
142.381
142.386
142.374
142.381
142.377
142.361
142.357
142.384
142.562
142.577
142.565
142.561
142.593
142.619
142.654
142.667
33.446
33.477
32.114
32.097
32.091
111.819
111.844
111.828
111.826
111.828
111.816
111.815
111.829
111.828
111.834
111.833
111.831
111.825
111.818
111.824
111.830
111.831
111.158
111.132
131.242
131.277
131.246
131.237
131.216
131.224
131.206
131.187
131.189
131.172
131.161
131.177
131.175
131.173
131.166
131.202
131.218
131.238
131.256
131.251
131.330
131.328
131.528
131.527
173.051
173.131
173.147
173.150
173.136
173.143
173.141
173.135
173.110
173.088
173.085
173.082
173.074
173.074
173.071
173.066
173.064
173.045
173.012
172.843
172.839
172.841
172.863
172.852
172.857
172.833
172.826
172.792
172.779
172.782
172.775
245.903
245.977
245.968
245.958
245.941
245.942
245.959
245.956
245.928
245.916
245.899
245.896
245.913
245.913
245.909
245.905
245.914
245.917
245.887
245.851
245.840
245.844
245.847
245.845
245.846
245.833
246.095
246.123
246.144
246.148
246.120
246.160
246.186
246.196
246.200
246.194
246.191
246.188
246.183
246.166
246.149
246.144
246.135
168.401
168.480
168.484
168.477
168.474
168.447
168.606
168.598
168.577
168.589
168.588
168.577
168.542
168.543
168.536
168.528
168.523
168.498
168.484
168.480
168.477
168.484
168.477
168.486
168.486
168.472
168.483
168.476
168.460
168.476
168.493
15.924
15.993
16.034
29.855
29.890
29.880
29.625
29.525
7.185
78.228
78.261
78.251
78.224
78.189
78.206
78.214
78.216
78.181
78.161
78.156
78.176
78.147
28.982
29.003
28.998
29.016
89.601
89.635
89.632
89.557
89.538
89.543
89.547
89.544
89.537
89.510
89.450
89.455
89.444
89.401
89.388
89.411
65.611
65.639
65.631
65.629
65.618
65.563
65.525
65.490
65.438
65.401
65.380
120.829
120.912
120.915
120.956
120.224
120.211
120.191
120.188
120.191
120.177
120.177
120.136
120.063
120.054
120.015
120.003
120.020
120.039
120.032
120.016
120.004
61.045
57.592
57.504
57.479
57.482
57.509
57.491
57.477
57.470
133.036
133.104
133.120
133.128
133.075
133.041
133.023
133.026
133.000
132.989
132.981
132.985
132.980
132.938
132.931
132.918
132.909
132.891
132.848
132.846
132.836
132.831
132.833
132.837
12.497
12.515
22.227
22.304
22.308
10.824
10.796
12.930
12.828
39.365
39.376
39.308
39.271
39.242
39.197
23.105
255.051
251.268
251.614
251.625
251.636
251.622
251.605
255.400
255.400
255.408
255.413
255.413
255.417
255.429
255.373
255.350
255.328
255.331
255.308
255.292
255.287
255.233
255.218
255.157
255.154
255.109
255.079
255.094
255.145
255.130
253.166
253.202
253.195
253.238
253.224
253.248
253.335
253.402
253.477
253.549
253.586
253.617
253.618
253.631
253.652
19.957
19.865
19.849
6.608
6.039
15.601
15.541
6.212
41.365
41.469
41.531
41.505
41.447
41.446
41.377
12.028
11.996
25.558
25.617
25.615
25.626
136.498
136.576
136.628
136.555
136.558
136.594
136.610
136.611
136.631
136.671
136.702
136.713
136.725
136.741
136.751
136.722
136.721
136.767
136.788
136.746
136.738
136.737
136.708
136.684
200.524
200.577
200.564
200.560
200.546
200.539
200.539
200.526
200.580
200.617
200.645
200.692
200.662
200.689
200.689
200.678
200.705
200.687
200.693
200.655
200.638
200.546
200.548
200.542
200.529
200.516
200.466
200.466
200.438
200.415
200.412
200.407
200.444
200.448
200.444
5.288
5.642
6.611
76.639
76.638
76.671
76.667
76.651
76.652
77.221
77.232
77.215
77.214
77.215
77.231
77.225
38.662
39.112
39.104
39.083
61.594
61.548
61.542
61.516
61.513
61.508
61.511
61.512
61.503
100.687
100.722
100.734
100.741
100.754
100.725
100.740
100.761
100.783
100.822
100.839
100.861
100.841
100.992
101.007
199.934
199.964
199.912
199.905
199.857
199.855
199.861
199.713
199.724
199.714
199.719
199.709
199.724
199.711
199.708
199.711
199.698
199.699
199.725
199.726
199.705
199.677
199.701
199.742
199.759
199.809
199.871
199.858
199.863
199.931
199.929
199.991
199.961
199.901
167.972
168.054
171.587
171.574
171.554
171.561
171.557
171.550
171.517
171.514
171.479
171.431
171.407
171.386
171.395
171.393
171.385
171.371
171.792
171.793
171.790
171.787
171.750
171.757
171.925
172.023
171.990
171.965
171.953
281.349
281.426
281.431
281.422
281.413
281.421
281.441
281.387
281.356
281.324
281.322
281.311
281.329
281.317
281.302
281.296
281.289
281.260
281.228
281.213
281.230
281.234
281.240
281.233
281.231
281.221
281.216
281.194
281.125
281.107
281.098
281.108
281.102
281.086
281.080
281.069
281.065
281.069
281.069
281.056
281.042
281.039
281.072
281.086
281.110
281.105
281.098
281.074
281.044
102.827
102.881
106.488
106.491
106.496
106.498
106.494
106.486
106.499
106.504
106.500
106.486
106.490
106.489
106.489
106.485
106.484
106.480
106.501
7.886
50.396
50.417
50.482
50.545
50.604
50.675
50.762
30.473
30.457
30.424
19.041
19.033
29.585
29.130
28.740
19.111
19.030
19.003
21.247
21.028
43.617
43.578
43.588
43.586
43.584
336.563
332.697
332.667
332.661
332.664
332.667
332.660
332.670
332.603
332.602
332.609
332.596
332.596
332.588
332.560
332.550
332.482
332.473
332.461
332.403
332.375
332.361
332.363
332.361
332.347
332.333
332.306
332.333
332.315
332.292
332.284
332.305
332.281
332.208
332.197
332.183
332.170
332.171
332.160
332.147
332.141
332.140
332.089
332.067
332.058
332.050
332.036
332.051
332.044
332.036
332.036
332.076
332.073
332.063
332.163
332.210
332.199
332.227
332.191
332.187
94.773
94.696
94.649
94.635
94.641
94.634
94.610
94.581
94.568
94.571
94.567
94.590
94.572
99.469
106.740
106.828
106.824
106.858
106.849
106.847
106.855
106.860
106.796
106.779
106.620
106.536
106.558
106.581
106.599
106.609
54.380
54.274
54.282
54.239
54.197
54.168
54.136
54.105
54.083
21.797
21.819
21.810
21.345
35.276
35.283
35.276
35.275
35.272
35.281
42.725
42.592
42.589
42.481
42.460
42.445
42.472
22.792
22.751
62.185
62.174
62.159
62.149
62.155
62.085
62.080
62.070
62.067
261.665
261.650
261.635
261.629
261.639
261.653
261.648
261.632
261.634
261.636
261.647
261.676
261.709
261.717
261.712
261.709
261.705
261.700
261.685
261.687
261.682
261.643
261.602
261.592
261.590
261.566
261.559
261.541
261.519
261.527
261.523
261.516
261.492
261.514
261.524
261.514
261.508
261.496
261.486
261.494
261.503
261.494
261.452
261.428
261.447
40.531
40.291
40.289
40.282
139.529
139.493
139.441
139.425
139.441
139.448
139.498
139.503
139.505
139.499
139.510
139.513
139.493
139.495
139.493
139.635
139.621
139.635
139.649
139.649
139.642
139.626
139.619
113.185
109.195
109.234
109.250
109.204
109.176
109.212
109.240
109.235
109.409
109.406
109.359
109.318
109.312
109.281
109.230
109.220
109.232
31.712
31.821
31.885
31.858
31.821
41.499
41.503
41.449
41.445
41.440
40.976
40.454
195.854
195.879
195.882
195.847
195.856
195.862
195.863
195.847
195.850
195.780
195.713
195.434
195.359
196.323
196.256
196.198
196.136
196.072
195.999
195.939
195.886
195.822
195.883
195.836
195.764
195.687
195.611
195.599
195.494
195.413
195.343
195.285
172.314
172.337
172.343
172.393
172.411
172.438
173.286
173.393
173.456
173.459
173.459
173.458
173.514
173.582
173.587
173.368
173.371
173.359
173.340
173.304
173.338
173.371
173.374
173.350
173.315
173.306
173.249
173.228
306.247
306.864
306.887
306.897
306.904
306.894
306.887
306.890
306.909
306.861
306.836
306.847
306.847
306.783
306.771
306.731
306.693
306.700
306.691
306.699
306.897
306.925
306.959
306.977
306.977
306.986
306.987
306.988
306.966
306.991
33.446
32.800
32.712
32.576
30.064
45.963
46.015
46.005
45.991
45.993
45.981
45.913
45.870
101.827
101.902
103.330
103.321
103.328
103.322
103.296
103.290
104.359
104.317
104.075
104.116
104.120
104.120
104.115
104.120
104.117
104.088
104.061
151.760
151.721
151.709
151.420
151.805
151.785
151.775
151.736
151.738
151.591
151.594
151.581
151.576
151.582
151.578
151.589
151.090
151.070
151.025
150.973
150.967
150.931
150.923
150.827
150.537
150.504
150.515
150.503
260.397
260.455
260.486
260.436
260.415
260.352
259.923
259.890
259.855
259.846
259.838
259.847
259.845
259.816
259.741
259.737
259.683
259.702
259.498
259.530
259.524
259.429
259.407
259.345
259.318
259.249
259.158
259.101
259.042
258.957
258.900
258.902
258.884
258.882
258.913
258.915
258.923
258.918
259.038
259.011
259.014
259.035
259.767
259.868
259.923
259.968
259.984
259.954
29.337
22.402
22.442
152.906
152.809
152.799
152.793
152.803
152.809
152.749
152.735
152.696
152.678
152.705
152.741
152.741
152.733
152.731
152.740
152.743
152.738
152.726
152.728
152.729
150.263
150.202
150.178
150.150
150.085
150.018
13.095
13.044
21.813
21.870
23.636
23.626
6.533
38.856
38.943
38.895
38.882
38.894
38.941
38.983
43.165
43.176
43.252
43.075
43.067
43.074
43.075
230.862
231.013
231.117
230.882
230.987
231.110
231.224
231.336
231.425
231.535
231.414
231.479
231.498
231.636
231.741
231.842
231.955
232.013
232.125
232.243
232.367
232.467
232.602
232.728
232.854
232.962
233.110
233.236
233.354
233.483
233.594
233.748
233.854
233.971
234.120
234.259
234.368
234.483
95.495
95.344
95.218
95.080
91.082
90.954
90.833
90.709
90.549
186.737
186.671
186.670
186.595
186.372
186.084
186.009
185.968
185.868
185.781
185.726
185.652
185.532
185.387
185.251
185.123
184.966
184.864
184.760
184.670
184.608
184.590
184.504
184.243
184.159
184.032
184.025
183.956
183.941
183.951
183.944
183.908
228.638
228.706
228.702
228.696
228.688
229.026
228.965
228.881
228.817
228.736
228.667
228.595
228.457
228.370
228.291
228.211
228.159
228.094
228.018
227.973
227.884
227.809
227.726
227.648
227.580
227.711
227.490
227.167
227.105
227.026
226.972
226.914
226.837
226.761
226.715
227.895
228.549
228.789
228.858
229.232
229.299
230.400
231.273
232.098
232.525
233.102
233.170
233.601
233.666
233.752
233.862
233.955
234.141
234.269
234.365
234.475
234.593
234.692
234.796
234.900
235.013
235.103
235.156
235.252
235.331
235.499
236.104
100.928
100.994
100.992
101.007
46.955
46.812
46.800
46.757
73.320
73.115
73.043
72.943
72.942
72.851
72.780
72.696
72.662
72.658
72.571
22.198
22.249
22.223
109.588
109.581
109.593
109.597
109.590
109.568
109.566
109.559
109.563
109.560
109.595
109.610
109.623
109.653
109.677
109.692
109.722
109.777
109.796
14.667
61.985
62.048
62.076
62.079
62.086
62.114
62.129
62.175
62.181
62.189
62.196
30.311
29.306
29.017
39.394
39.487
39.548
43.583
43.641
171.500
171.393
171.284
171.129
171.055
170.953
170.864
170.766
170.651
170.535
170.426
170.283
170.173
170.053
169.932
172.118
172.019
171.910
171.790
171.721
171.645
171.581
171.455
171.331
171.446
171.338
171.243
171.109
169.611
169.596
32.488
32.420
31.969
31.690
31.713
41.361
41.212
41.048
40.996
40.970
40.965
181.914
179.996
180.027
180.073
180.100
180.133
180.186
180.220
180.266
180.299
180.352
180.364
180.375
180.414
180.440
180.487
180.530
180.570
180.610
180.657
180.701
180.749
180.812
180.832
180.875
180.850
180.893
180.906
180.947
180.966
181.006
182.079
182.171
182.179
182.177
182.155
182.154
182.197
182.201
182.186
182.187
182.190
182.194
182.199
182.154
182.153
182.160
182.123
182.116
182.074
182.077
182.080
182.081
182.086
182.085
182.087
182.087
182.142
182.102
182.081
182.077
182.078
182.076
182.070
32.104
32.143
32.132
32.151
32.054
44.365
44.592
44.577
44.597
44.635
44.620
44.631
194.625
194.625
194.715
194.682
194.716
194.750
194.749
194.735
194.730
194.762
194.774
194.778
194.713
194.692
194.431
194.368
194.349
194.342
194.338
194.329
194.330
194.328
194.326
193.686
193.687
193.645
193.637
193.603
193.483
193.306
193.293
251.170
251.381
253.393
253.528
253.647
253.755
253.891
253.986
254.131
254.422
254.538
254.671
254.794
254.863
254.912
255.027
255.909
256.019
256.093
256.171
256.186
256.267
256.294
256.301
256.318
256.307
256.304
256.338
256.120
256.127
256.162
256.181
256.155
256.151
256.151
256.194
256.187
256.187
256.197
256.239
256.244
256.267
256.257
5.653
38.972
38.918
38.795
38.675
20.999
21.591
21.611
5.892
48.200
48.227
48.227
48.226
48.192
48.175
47.749
47.738
49.457
49.547
49.550
49.584
49.563
49.543
6.347
6.191
95.761
95.786
95.891
95.941
95.968
95.981
95.984
96.018
96.081
96.016
96.029
96.078
96.142
96.235
95.906
95.241
26.147
26.343
26.388
24.906
24.857
243.190
243.268
243.232
243.168
243.148
243.127
243.110
243.112
243.108
243.141
243.143
243.129
243.128
243.094
243.084
243.082
243.078
243.065
243.059
243.056
243.061
243.060
243.039
243.031
243.009
243.001
243.001
243.023
243.051
243.070
243.068
243.070
243.042
243.012
243.018
242.776
242.730
242.725
242.718
242.642
242.659
242.655
242.623
242.605
5.542
24.012
23.989
23.991
23.655
15.076
14.193
36.016
36.016
36.005
35.646
35.621
35.612
29.796
29.857
29.877
29.881
29.870
6.183
6.109
78.390
78.439
78.449
78.469
78.482
78.629
78.663
78.713
78.726
78.277
78.292
78.286
78.316
78.306
44.914
44.957
44.948
44.949
44.964
44.959
45.068
45.838
45.832
45.838
45.858
45.867
45.675
45.669
112.469
112.479
112.480
112.504
112.532
112.541
112.471
112.430
112.432
112.429
112.434
112.403
112.377
112.402
112.418
112.407
112.405
112.396
112.393
65.359
65.404
65.397
65.398
65.395
65.391
65.357
65.379
65.397
6.209
8.448
6.616
13.365
13.359
15.128
15.119
29.438
29.423
29.381
29.415
83.948
84.037
84.004
83.969
83.961
83.985
84.010
84.017
83.960
83.870
83.784
83.792
83.781
83.712
58.418
58.396
58.368
58.346
58.236
57.577
57.627
57.649
57.602
57.600
12.550
66.027
66.101
66.097
66.083
66.032
66.014
65.968
65.931
65.891
65.865
65.797
65.753
5.669
18.804
18.878
18.871
96.395
96.620
96.603
96.601
96.607
96.629
96.625
96.621
96.631
96.626
96.625
96.635
96.626
96.190
96.190
96.226
96.223
18.746
181.508
181.529
181.503
181.490
181.482
181.479
181.520
181.523
181.507
181.505
181.526
181.548
181.585
181.622
181.626
181.637
181.635
181.633
181.624
181.637
181.641
181.664
181.658
181.648
181.807
181.806
181.805
181.802
181.794
181.811
181.799
181.759
